[1] "Analyzation  v5.1nano"
[1] ""
[1] "Using facets:"
 [1] "of3b" "of1"  "of2"  "of5"  "cf2b" "cf3b" "cf3"  "cf5"  "ef2"  "ef3b" "ef4"  "ef5"  "af1b" "af1"  "af3"  "af6"  "nf1"  "nf4"  "nf6" 
[1] ""
[1] "Correlation Matrix:"
      of3b   of1   of2   of5  cf2b  cf3b   cf3   cf5   ef2  ef3b   ef4   ef5  af1b  af1   af3   af6   nf1   nf4   nf6
of3b  1.00  0.71  0.80  0.78 -0.12 -0.43 -0.48 -0.20 -0.30  0.04  0.05  0.03 -0.05 0.03 -0.18  0.27  0.16  0.45  0.30
of1   0.71  1.00  0.70  0.48 -0.21 -0.32 -0.35 -0.13 -0.13 -0.06 -0.06  0.16  0.03 0.06 -0.13  0.40  0.17  0.27  0.30
of2   0.80  0.70  1.00  0.73 -0.07 -0.45 -0.50 -0.12 -0.27  0.08  0.01  0.08  0.03 0.07 -0.15  0.24 -0.05  0.27  0.15
of5   0.78  0.48  0.73  1.00  0.19 -0.03 -0.10  0.08 -0.17  0.22  0.21  0.10  0.16 0.28  0.08  0.25  0.06  0.45  0.33
cf2b -0.12 -0.21 -0.07  0.19  1.00  0.53  0.49  0.78 -0.10  0.26  0.28 -0.01  0.07 0.32  0.16 -0.18 -0.25 -0.15 -0.18
cf3b -0.43 -0.32 -0.45 -0.03  0.53  1.00  0.96  0.61  0.18  0.04  0.18  0.02  0.24 0.21  0.33 -0.01  0.13  0.00  0.08
cf3  -0.48 -0.35 -0.50 -0.10  0.49  0.96  1.00  0.59  0.09 -0.03  0.14 -0.07  0.12 0.10  0.24 -0.16  0.06 -0.09 -0.05
cf5  -0.20 -0.13 -0.12  0.08  0.78  0.61  0.59  1.00 -0.05  0.09  0.16 -0.03  0.14 0.29  0.16 -0.06 -0.12 -0.21 -0.08
ef2  -0.30 -0.13 -0.27 -0.17 -0.10  0.18  0.09 -0.05  1.00  0.30  0.34  0.54  0.40 0.39  0.42  0.29  0.06 -0.16  0.20
ef3b  0.04 -0.06  0.08  0.22  0.26  0.04 -0.03  0.09  0.30  1.00  0.86  0.47  0.11 0.40  0.20  0.02  0.04  0.03  0.01
ef4   0.05 -0.06  0.01  0.21  0.28  0.18  0.14  0.16  0.34  0.86  1.00  0.44  0.14 0.36  0.24 -0.01  0.07  0.07  0.07
ef5   0.03  0.16  0.08  0.10 -0.01  0.02 -0.07 -0.03  0.54  0.47  0.44  1.00  0.21 0.29  0.18  0.09 -0.02 -0.14 -0.01
af1b -0.05  0.03  0.03  0.16  0.07  0.24  0.12  0.14  0.40  0.11  0.14  0.21  1.00 0.60  0.90  0.78  0.30  0.20  0.55
af1   0.03  0.06  0.07  0.28  0.32  0.21  0.10  0.29  0.39  0.40  0.36  0.29  0.60 1.00  0.57  0.50  0.04  0.06  0.37
af3  -0.18 -0.13 -0.15  0.08  0.16  0.33  0.24  0.16  0.42  0.20  0.24  0.18  0.90 0.57  1.00  0.60  0.25  0.20  0.42
af6   0.27  0.40  0.24  0.25 -0.18 -0.01 -0.16 -0.06  0.29  0.02 -0.01  0.09  0.78 0.50  0.60  1.00  0.52  0.43  0.82
nf1   0.16  0.17 -0.05  0.06 -0.25  0.13  0.06 -0.12  0.06  0.04  0.07 -0.02  0.30 0.04  0.25  0.52  1.00  0.71  0.74
nf4   0.45  0.27  0.27  0.45 -0.15  0.00 -0.09 -0.21 -0.16  0.03  0.07 -0.14  0.20 0.06  0.20  0.43  0.71  1.00  0.72
nf6   0.30  0.30  0.15  0.33 -0.18  0.08 -0.05 -0.08  0.20  0.01  0.07 -0.01  0.55 0.37  0.42  0.82  0.74  0.72  1.00
Factor Analysis using method =  pa
Call: fa(r = data_facets, nfactors = 5, rotate = "varimax", residuals = TRUE, 
    fm = "pa")
Standardized loadings (pattern matrix) based upon correlation matrix
       PA5   PA4   PA2   PA1   PA3   h2    u2 com
of3b  0.91 -0.08 -0.19  0.21  0.02 0.91 0.089 1.2
of1   0.66  0.09 -0.22  0.13 -0.05 0.52 0.484 1.4
of2   0.91  0.02 -0.18 -0.05  0.02 0.87 0.129 1.1
of5   0.81  0.08  0.20  0.17  0.16 0.76 0.237 1.3
cf2b  0.09  0.02  0.80 -0.23  0.16 0.73 0.272 1.3
cf3b -0.35  0.15  0.82  0.18  0.03 0.84 0.157 1.5
cf3  -0.40  0.03  0.80  0.12 -0.03 0.82 0.185 1.5
cf5   0.01  0.11  0.80 -0.17  0.01 0.68 0.322 1.1
ef2  -0.33  0.49 -0.12 -0.04  0.43 0.55 0.450 2.9
ef3b  0.08  0.05  0.09  0.01  0.90 0.83 0.172 1.0
ef4   0.03  0.03  0.20  0.10  0.89 0.84 0.160 1.1
ef5   0.03  0.24 -0.11 -0.13  0.55 0.39 0.606 1.6
af1b  0.02  0.93  0.11  0.16  0.06 0.90 0.096 1.1
af1   0.14  0.63  0.24 -0.02  0.34 0.59 0.408 2.0
af3  -0.13  0.79  0.20  0.17  0.16 0.73 0.272 1.4
af6   0.25  0.80 -0.15  0.41 -0.07 0.90 0.095 1.8
nf1  -0.03  0.17 -0.07  0.85  0.00 0.76 0.236 1.1
nf4   0.33  0.06 -0.03  0.82 -0.02 0.79 0.212 1.3
nf6   0.21  0.51 -0.06  0.75 -0.02 0.87 0.129 2.0

                       PA5  PA4  PA2  PA1  PA3
SS loadings           3.42 3.17 2.96 2.44 2.30
Proportion Var        0.18 0.17 0.16 0.13 0.12
Cumulative Var        0.18 0.35 0.50 0.63 0.75
Proportion Explained  0.24 0.22 0.21 0.17 0.16
Cumulative Proportion 0.24 0.46 0.67 0.84 1.00

Mean item complexity =  1.5
Test of the hypothesis that 5 factors are sufficient.

df null model =  171  with the objective function =  22.09 with Chi Square =  725.27
df of  the model are 86  and the objective function was  6.3 

The root mean square of the residuals (RMSR) is  0.04 
The df corrected root mean square of the residuals is  0.06 

The harmonic n.obs is  41 with the empirical chi square  25.13  with prob <  1 
The total n.obs was  41  with Likelihood Chi Square =  185.82  with prob <  2.6e-09 

Tucker Lewis Index of factoring reliability =  0.587
RMSEA index =  0.166  and the 90 % confidence intervals are  0.137 0.204
BIC =  -133.55
Fit based upon off diagonal values = 0.98
Measures of factor score adequacy             
                                                   PA5  PA4  PA2  PA1  PA3
Correlation of (regression) scores with factors   1.00 0.98 0.96 0.95 0.96
Multiple R square of scores with factors          0.99 0.96 0.92 0.91 0.92
Minimum correlation of possible factor scores     0.98 0.91 0.84 0.81 0.85
[1] "Residuals:"
      of3b   of1   of2   of5  cf2b  cf3b   cf3   cf5   ef2  ef3b   ef4   ef5  af1b   af1   af3   af6   nf1   nf4   nf6
of3b  0.09  0.05 -0.05  0.05 -0.01  0.01  0.01 -0.02  0.01 -0.04  0.02  0.02  0.00 -0.01  0.00  0.00  0.00 -0.02 -0.01
of1   0.05  0.48  0.06 -0.04 -0.06  0.06  0.07  0.05  0.05 -0.05 -0.01  0.14 -0.06 -0.02 -0.09  0.08  0.05 -0.07  0.01
of2  -0.05  0.06  0.13  0.03 -0.03  0.02  0.01  0.00 -0.01  0.00  0.00  0.02  0.03 -0.03  0.00 -0.01  0.00  0.01 -0.03
of5   0.05 -0.04  0.03  0.24 -0.03  0.04  0.05 -0.07  0.02 -0.01 -0.02  0.02  0.01  0.01  0.03 -0.05 -0.07  0.05  0.00
cf2b -0.01 -0.06 -0.03 -0.03  0.27 -0.06 -0.09  0.10 -0.06  0.04  0.00 -0.05 -0.01  0.04  0.02  0.00  0.00  0.03  0.02
cf3b  0.01  0.06  0.02  0.04 -0.06  0.16  0.15 -0.02  0.08 -0.05 -0.02  0.09 -0.02 -0.03 -0.03  0.00  0.00 -0.02 -0.02
cf3   0.01  0.07  0.01  0.05 -0.09  0.15  0.18 -0.03  0.05 -0.05  0.01  0.05 -0.01 -0.04 -0.01 -0.01  0.00 -0.04 -0.03
cf5  -0.02  0.05  0.00 -0.07  0.10 -0.02 -0.03  0.32 -0.01  0.00  0.01  0.00 -0.02  0.02 -0.05  0.04  0.06 -0.05  0.04
ef2   0.01  0.05 -0.01  0.02 -0.06  0.08  0.05 -0.01  0.45 -0.07 -0.02  0.18 -0.06  0.01 -0.05  0.01 -0.01 -0.05  0.05
ef3b -0.04 -0.05  0.00 -0.01  0.04 -0.05 -0.05  0.00 -0.07  0.17  0.03 -0.03  0.01  0.03  0.02  0.03  0.02  0.01 -0.02
ef4   0.02 -0.01  0.00 -0.02  0.00 -0.02  0.01  0.01 -0.02  0.03  0.16 -0.03  0.02 -0.02  0.02  0.00 -0.01  0.00  0.00
ef5   0.02  0.14  0.02  0.02 -0.05  0.09  0.05  0.00  0.18 -0.03 -0.03  0.61 -0.01 -0.03 -0.05 -0.04  0.04 -0.05 -0.03
af1b  0.00 -0.06  0.03  0.01 -0.01 -0.02 -0.01 -0.02 -0.06  0.01  0.02 -0.01  0.10 -0.03  0.11 -0.02  0.01  0.01 -0.04
af1  -0.01 -0.02 -0.03  0.01  0.04 -0.03 -0.04  0.02  0.01  0.03 -0.02 -0.03 -0.03  0.41  0.00  0.02 -0.03  0.01  0.05
af3   0.00 -0.09  0.00  0.03  0.02 -0.03 -0.01 -0.05 -0.05  0.02  0.02 -0.05  0.11  0.00  0.27 -0.03 -0.03  0.07 -0.06
af6   0.00  0.08 -0.01 -0.05  0.00  0.00 -0.01  0.04  0.01  0.03  0.00 -0.04 -0.02  0.02 -0.03  0.10  0.03 -0.05  0.04
nf1   0.00  0.05  0.00 -0.07  0.00  0.00  0.00  0.06 -0.01  0.02 -0.01  0.04  0.01 -0.03 -0.03  0.03  0.24  0.00  0.01
nf4  -0.02 -0.07  0.01  0.05  0.03 -0.02 -0.04 -0.05 -0.05  0.01  0.00 -0.05  0.01  0.01  0.07 -0.05  0.00  0.21  0.01
nf6  -0.01  0.01 -0.03  0.00  0.02 -0.02 -0.03  0.04  0.05 -0.02  0.00 -0.03 -0.04  0.05 -0.06  0.04  0.01  0.01  0.13
[1] "Eigenvalues:"
 [1]  4.54  4.15  2.38  1.98  1.24  0.54  0.33  0.16  0.06  0.05 -0.01 -0.06 -0.08 -0.13 -0.14 -0.14 -0.16 -0.18 -0.25
