[1] "Analyzation  v5.1nano"
[1] ""
[1] "Using facets:"
 [1] "of3b" "of1"  "of2"  "of5"  "cf2b" "cf3b" "cf3"  "cf5"  "ef2"  "ef3b"
[11] "ef4"  "ef5"  "af1b" "af1"  "af3"  "af6"  "nf1"  "nf4"  "nf6" 
[1] ""
[1] "Correlation Matrix:"
      of3b   of1   of2   of5  cf2b  cf3b   cf3   cf5   ef2  ef3b   ef4   ef5
of3b  1.00  0.75  0.72  0.71  0.12 -0.15 -0.15  0.02 -0.11  0.22  0.17  0.27
of1   0.75  1.00  0.54  0.42 -0.08 -0.28 -0.28 -0.13 -0.05  0.17  0.08  0.38
of2   0.72  0.54  1.00  0.50  0.11 -0.08 -0.09  0.07 -0.01  0.22  0.17  0.27
of5   0.71  0.42  0.50  1.00  0.41  0.26  0.25  0.35 -0.08  0.25  0.24  0.15
cf2b  0.12 -0.08  0.11  0.41  1.00  0.69  0.69  0.81  0.14  0.44  0.55  0.11
cf3b -0.15 -0.28 -0.08  0.26  0.69  1.00  0.96  0.78  0.15  0.20  0.35 -0.05
cf3  -0.15 -0.28 -0.09  0.25  0.69  0.96  1.00  0.79  0.09  0.17  0.32 -0.08
cf5   0.02 -0.13  0.07  0.35  0.81  0.78  0.79  1.00  0.06  0.32  0.42 -0.01
ef2  -0.11 -0.05 -0.01 -0.08  0.14  0.15  0.09  0.06  1.00  0.49  0.56  0.60
ef3b  0.22  0.17  0.22  0.25  0.44  0.20  0.17  0.32  0.49  1.00  0.90  0.65
ef4   0.17  0.08  0.17  0.24  0.55  0.35  0.32  0.42  0.56  0.90  1.00  0.61
ef5   0.27  0.38  0.27  0.15  0.11 -0.05 -0.08 -0.01  0.60  0.65  0.61  1.00
af1b  0.11  0.04  0.17  0.23  0.16  0.30  0.28  0.26  0.25  0.12  0.14  0.05
af1   0.06 -0.03  0.18  0.20  0.28  0.37  0.34  0.37  0.30  0.27  0.29  0.13
af3   0.13  0.01  0.16  0.30  0.27  0.38  0.37  0.34  0.24  0.19  0.22  0.07
af6   0.22  0.16  0.21  0.26  0.02  0.15  0.13  0.13  0.04 -0.10 -0.08 -0.11
nf1  -0.01  0.07 -0.14  0.01 -0.13  0.01  0.01 -0.11 -0.14 -0.23 -0.19 -0.17
nf4   0.20  0.16 -0.01  0.16 -0.16 -0.15 -0.16 -0.19 -0.15 -0.20 -0.20 -0.11
nf6   0.15  0.15  0.02  0.14 -0.13 -0.01 -0.04 -0.05 -0.10 -0.22 -0.20 -0.14
     af1b   af1   af3   af6   nf1   nf4   nf6
of3b 0.11  0.06  0.13  0.22 -0.01  0.20  0.15
of1  0.04 -0.03  0.01  0.16  0.07  0.16  0.15
of2  0.17  0.18  0.16  0.21 -0.14 -0.01  0.02
of5  0.23  0.20  0.30  0.26  0.01  0.16  0.14
cf2b 0.16  0.28  0.27  0.02 -0.13 -0.16 -0.13
cf3b 0.30  0.37  0.38  0.15  0.01 -0.15 -0.01
cf3  0.28  0.34  0.37  0.13  0.01 -0.16 -0.04
cf5  0.26  0.37  0.34  0.13 -0.11 -0.19 -0.05
ef2  0.25  0.30  0.24  0.04 -0.14 -0.15 -0.10
ef3b 0.12  0.27  0.19 -0.10 -0.23 -0.20 -0.22
ef4  0.14  0.29  0.22 -0.08 -0.19 -0.20 -0.20
ef5  0.05  0.13  0.07 -0.11 -0.17 -0.11 -0.14
af1b 1.00  0.57  0.86  0.76  0.13  0.09  0.41
af1  0.57  1.00  0.53  0.43 -0.11 -0.17  0.15
af3  0.86  0.53  1.00  0.55 -0.01 -0.02  0.21
af6  0.76  0.43  0.55  1.00  0.43  0.37  0.73
nf1  0.13 -0.11 -0.01  0.43  1.00  0.67  0.74
nf4  0.09 -0.17 -0.02  0.37  0.67  1.00  0.71
nf6  0.41  0.15  0.21  0.73  0.74  0.71  1.00
Factor Analysis using method =  pa
Call: fa(r = data_facets, nfactors = 5, rotate = "varimax", residuals = TRUE, 
    fm = "pa")
Standardized loadings (pattern matrix) based upon correlation matrix
       PA1   PA3   PA5   PA4   PA2   h2       u2 com
of3b -0.03  0.99  0.03  0.06  0.08 1.00 -0.00038 1.0
of1  -0.22  0.72 -0.02  0.14  0.12 0.61  0.39355 1.3
of2  -0.03  0.72  0.16  0.09 -0.09 0.57  0.43473 1.2
of5   0.36  0.70  0.14  0.03  0.09 0.65  0.35211 1.6
cf2b  0.81  0.14  0.05  0.23 -0.09 0.75  0.25415 1.3
cf3b  0.90 -0.14  0.22  0.05  0.00 0.88  0.12492 1.2
cf3   0.90 -0.14  0.20  0.01 -0.02 0.88  0.12281 1.1
cf5   0.86  0.06  0.17  0.08 -0.09 0.79  0.20646 1.1
ef2  -0.01 -0.17  0.25  0.70 -0.08 0.58  0.41694 1.4
ef3b  0.24  0.20  0.03  0.82 -0.15 0.80  0.20220 1.4
ef4   0.38  0.13  0.03  0.85 -0.11 0.89  0.10567 1.5
ef5  -0.11  0.24  0.00  0.78 -0.09 0.69  0.31405 1.3
af1b  0.12  0.07  0.95  0.07  0.15 0.95  0.05178 1.1
af1   0.25  0.05  0.61  0.19 -0.08 0.48  0.52367 1.6
af3   0.24  0.10  0.79  0.10  0.00 0.70  0.29794 1.3
af6   0.04  0.18  0.72 -0.11  0.50 0.81  0.18515 2.0
nf1  -0.01 -0.07  0.01 -0.11  0.84 0.73  0.27006 1.0
nf4  -0.12  0.13 -0.04 -0.10  0.79 0.66  0.33633 1.1
nf6  -0.06  0.08  0.33 -0.12  0.87 0.89  0.10696 1.3

                       PA1  PA3  PA5  PA4  PA2
SS loadings           3.57 2.81 2.75 2.69 2.48
Proportion Var        0.19 0.15 0.14 0.14 0.13
Cumulative Var        0.19 0.34 0.48 0.62 0.75
Proportion Explained  0.25 0.20 0.19 0.19 0.17
Cumulative Proportion 0.25 0.45 0.64 0.83 1.00

Mean item complexity =  1.3
Test of the hypothesis that 5 factors are sufficient.

df null model =  171  with the objective function =  17.98 with Chi Square =  8844.15
df of  the model are 86  and the objective function was  2.16 

The root mean square of the residuals (RMSR) is  0.02 
The df corrected root mean square of the residuals is  0.03 

The harmonic n.obs is  500 with the empirical chi square  99.7  with prob <  0.15 
The total n.obs was  500  with Likelihood Chi Square =  1053.52  with prob <  2.7e-166 

Tucker Lewis Index of factoring reliability =  0.777
RMSEA index =  0.15  and the 90 % confidence intervals are  0.142 0.158
BIC =  519.06
Fit based upon off diagonal values = 0.99[1] "Residuals:"
      of3b   of1   of2   of5  cf2b  cf3b   cf3   cf5   ef2  ef3b   ef4   ef5
of3b  0.00  0.00  0.00  0.01 -0.01  0.01  0.01 -0.02  0.02 -0.01  0.01 -0.02
of1   0.00  0.39  0.01 -0.02 -0.02  0.01  0.03  0.02 -0.01 -0.02 -0.03  0.08
of2   0.00  0.01  0.43 -0.01  0.00  0.01  0.00  0.00  0.01 -0.02  0.00  0.01
of5   0.01 -0.02 -0.01  0.35  0.01  0.01  0.00 -0.03 -0.01  0.01 -0.01  0.00
cf2b -0.01 -0.02  0.00  0.01  0.25 -0.04 -0.04  0.06  0.00  0.01  0.02 -0.02
cf3b  0.01  0.01  0.01  0.01 -0.04  0.12  0.09 -0.03  0.04 -0.04 -0.03  0.04
cf3   0.01  0.03  0.00  0.00 -0.04  0.09  0.12 -0.02  0.02 -0.03 -0.02  0.04
cf5  -0.02  0.02  0.00 -0.03  0.06 -0.03 -0.02  0.21 -0.03  0.01  0.00 -0.01
ef2   0.02 -0.01  0.01 -0.01  0.00  0.04  0.02 -0.03  0.42 -0.06 -0.02  0.09
ef3b -0.01 -0.02 -0.02  0.01  0.01 -0.04 -0.03  0.01 -0.06  0.20  0.07 -0.02
ef4   0.01 -0.03  0.00 -0.01  0.02 -0.03 -0.02  0.00 -0.02  0.07  0.11 -0.05
ef5  -0.02  0.08  0.01  0.00 -0.02  0.04  0.04 -0.01  0.09 -0.02 -0.05  0.31
af1b  0.00  0.00 -0.02  0.00  0.01 -0.01 -0.01  0.00 -0.02  0.01  0.01  0.00
af1  -0.01 -0.01  0.03  0.00 -0.01  0.00 -0.01  0.02  0.02  0.01  0.00 -0.02
af3   0.01 -0.01 -0.04  0.04  0.00 -0.01  0.01 -0.02 -0.01  0.01  0.00 -0.01
af6  -0.01  0.01  0.03 -0.02  0.01 -0.01 -0.01  0.02  0.01  0.00  0.01 -0.02
nf1   0.00  0.04  0.00 -0.02 -0.01  0.02  0.02 -0.02 -0.01  0.00  0.00  0.00
nf4   0.01 -0.04 -0.02  0.05  0.01 -0.01 -0.01 -0.01  0.01  0.00  0.00 -0.01
nf6  -0.01  0.00  0.00 -0.01  0.00 -0.01 -0.02  0.03 -0.01  0.00  0.00  0.00
      af1b   af1   af3   af6   nf1   nf4   nf6
of3b  0.00 -0.01  0.01 -0.01  0.00  0.01 -0.01
of1   0.00 -0.01 -0.01  0.01  0.04 -0.04  0.00
of2  -0.02  0.03 -0.04  0.03  0.00 -0.02  0.00
of5   0.00  0.00  0.04 -0.02 -0.02  0.05 -0.01
cf2b  0.01 -0.01  0.00  0.01 -0.01  0.01  0.00
cf3b -0.01  0.00 -0.01 -0.01  0.02 -0.01 -0.01
cf3  -0.01 -0.01  0.01 -0.01  0.02 -0.01 -0.02
cf5   0.00  0.02 -0.02  0.02 -0.02 -0.01  0.03
ef2  -0.02  0.02 -0.01  0.01 -0.01  0.01 -0.01
ef3b  0.01  0.01  0.01  0.00  0.00  0.00  0.00
ef4   0.01  0.00  0.00  0.01  0.00  0.00  0.00
ef5   0.00 -0.02 -0.01 -0.02  0.00 -0.01  0.00
af1b  0.05 -0.04  0.06 -0.01  0.01  0.02 -0.02
af1  -0.04  0.52 -0.03  0.04 -0.02 -0.04  0.06
af3   0.06 -0.03  0.30 -0.03  0.00  0.03 -0.03
af6  -0.01  0.04 -0.03  0.19  0.00 -0.02  0.03
nf1   0.01 -0.02  0.00  0.00  0.27  0.00 -0.01
nf4   0.02 -0.04  0.03 -0.02  0.00  0.34  0.01
nf6  -0.02  0.06 -0.03  0.03 -0.01  0.01  0.11
[1] "Eigenvalues:"
 [1]  4.90  3.44  2.96  1.71  1.29  0.28  0.21  0.09  0.07  0.02 -0.01 -0.04
[13] -0.04 -0.07 -0.07 -0.09 -0.09 -0.11 -0.15
