[1] "Analyzation  v4.1"
[1] ""
[1] "Using facets:"
 [1] "of5" "of6" "cf1" "cf2" "cf3" "cf4" "cf5" "ef1" "ef2" "ef4" "ef5" "ef6" "af1" "af6" "nf1" "nf4" "nf6"
[1] ""
[1] "Correlation Matrix:"
      of5   of6   cf1   cf2   cf3   cf4   cf5   ef1   ef2   ef4   ef5   ef6   af1   af6   nf1   nf4   nf6
of5  1.00  0.48  0.25 -0.02 -0.44  0.02 -0.27  0.09  0.01 -0.22  0.05  0.41  0.26  0.02 -0.11  0.43 -0.06
of6  0.48  1.00  0.38  0.09 -0.18  0.29 -0.09  0.39  0.28  0.03  0.18  0.34  0.22  0.51  0.16  0.39  0.21
cf1  0.25  0.38  1.00  0.50  0.27  0.68  0.51  0.14  0.13  0.27  0.27  0.38  0.39 -0.04  0.01  0.12 -0.17
cf2 -0.02  0.09  0.50  1.00  0.44  0.32  0.63 -0.16 -0.09  0.13  0.00 -0.09  0.00 -0.30  0.05 -0.10 -0.22
cf3 -0.44 -0.18  0.27  0.44  1.00  0.56  0.72 -0.16 -0.16  0.33 -0.13 -0.17  0.00 -0.24  0.17 -0.17 -0.01
cf4  0.02  0.29  0.68  0.32  0.56  1.00  0.60 -0.04 -0.13  0.27  0.07  0.11  0.18 -0.04  0.28  0.09  0.07
cf5 -0.27 -0.09  0.51  0.63  0.72  0.60  1.00 -0.27 -0.31  0.17 -0.25 -0.21  0.03 -0.33  0.03 -0.22 -0.15
ef1  0.09  0.39  0.14 -0.16 -0.16 -0.04 -0.27  1.00  0.79  0.15  0.26  0.54  0.60  0.80  0.07  0.14  0.30
ef2  0.01  0.28  0.13 -0.09 -0.16 -0.13 -0.31  0.79  1.00  0.24  0.44  0.52  0.59  0.69  0.11  0.11  0.21
ef4 -0.22  0.03  0.27  0.13  0.33  0.27  0.17  0.15  0.24  1.00  0.46  0.38  0.23  0.07  0.01 -0.16 -0.09
ef5  0.05  0.18  0.27  0.00 -0.13  0.07 -0.25  0.26  0.44  0.46  1.00  0.58  0.24  0.12 -0.11 -0.06 -0.13
ef6  0.41  0.34  0.38 -0.09 -0.17  0.11 -0.21  0.54  0.52  0.38  0.58  1.00  0.55  0.29 -0.38  0.03 -0.27
af1  0.26  0.22  0.39  0.00  0.00  0.18  0.03  0.60  0.59  0.23  0.24  0.55  1.00  0.47 -0.10  0.16  0.09
af6  0.02  0.51 -0.04 -0.30 -0.24 -0.04 -0.33  0.80  0.69  0.07  0.12  0.29  0.47  1.00  0.23  0.32  0.55
nf1 -0.11  0.16  0.01  0.05  0.17  0.28  0.03  0.07  0.11  0.01 -0.11 -0.38 -0.10  0.23  1.00  0.33  0.71
nf4  0.43  0.39  0.12 -0.10 -0.17  0.09 -0.22  0.14  0.11 -0.16 -0.06  0.03  0.16  0.32  0.33  1.00  0.39
nf6 -0.06  0.21 -0.17 -0.22 -0.01  0.07 -0.15  0.30  0.21 -0.09 -0.13 -0.27  0.09  0.55  0.71  0.39  1.00
Factor Analysis using method =  pa
Call: fa(r = data_temp, nfactors = 5, rotate = "varimax", residuals = TRUE, 
    fm = "pa")
Standardized loadings (pattern matrix) based upon correlation matrix
      PA1   PA2   PA3   PA4   PA5   h2    u2 com
of5  0.03 -0.09 -0.17  0.88 -0.03 0.81 0.189 1.1
of6  0.33  0.12  0.20  0.59  0.11 0.53 0.472 2.0
cf1  0.17  0.73 -0.11  0.39  0.27 0.80 0.204 2.0
cf2 -0.11  0.61 -0.09  0.00  0.01 0.39 0.606 1.1
cf3 -0.07  0.71  0.12 -0.41  0.02 0.69 0.306 1.7
cf4 -0.01  0.77  0.22  0.18  0.18 0.70 0.304 1.4
cf5 -0.12  0.91 -0.08 -0.22 -0.20 0.94 0.061 1.3
ef1  0.90 -0.11  0.10  0.09  0.12 0.85 0.149 1.1
ef2  0.79 -0.15  0.09  0.00  0.32 0.76 0.236 1.4
ef4  0.17  0.28 -0.01 -0.22  0.58 0.49 0.506 2.0
ef5  0.19 -0.06 -0.10  0.08  0.79 0.67 0.328 1.2
ef6  0.51  0.00 -0.41  0.34  0.55 0.85 0.152 3.6
af1  0.68  0.17 -0.11  0.20  0.14 0.56 0.439 1.5
af6  0.81 -0.22  0.39  0.12 -0.01 0.87 0.133 1.7
nf1 -0.02  0.12  0.86  0.02 -0.01 0.75 0.250 1.0
nf4  0.12 -0.06  0.38  0.52 -0.10 0.44 0.558 2.1
nf6  0.25 -0.11  0.83  0.04 -0.15 0.78 0.218 1.3

                       PA1  PA2  PA3  PA4  PA5
SS loadings           3.13 3.07 2.07 2.03 1.58
Proportion Var        0.18 0.18 0.12 0.12 0.09
Cumulative Var        0.18 0.36 0.49 0.61 0.70
Proportion Explained  0.26 0.26 0.17 0.17 0.13
Cumulative Proportion 0.26 0.52 0.70 0.87 1.00

Mean item complexity =  1.6
Test of the hypothesis that 5 factors are sufficient.

df null model =  136  with the objective function =  13.37 with Chi Square =  568.35
df of  the model are 61  and the objective function was  2.3 

The root mean square of the residuals (RMSR) is  0.04 
The df corrected root mean square of the residuals is  0.05 

The harmonic n.obs is  50 with the empirical chi square  17.45  with prob <  1 
The total n.obs was  50  with Likelihood Chi Square =  90.04  with prob <  0.0092 

Tucker Lewis Index of factoring reliability =  0.833
RMSEA index =  0.095  and the 90 % confidence intervals are  0.05 0.14
BIC =  -148.59
Fit based upon off diagonal values = 0.99
Measures of factor score adequacy             
                                                   PA1  PA2  PA3  PA4  PA5
Correlation of (regression) scores with factors   0.96 0.98 0.94 0.94 0.90
Multiple R square of scores with factors          0.92 0.96 0.89 0.89 0.82
Minimum correlation of possible factor scores     0.85 0.92 0.77 0.78 0.64
[1] "Residuals:"
      of5   of6   cf1   cf2   cf3   cf4   cf5   ef1   ef2   ef4   ef5   ef6   af1   af6   nf1   nf4   nf6
of5  0.19  0.00 -0.04  0.02  0.01 -0.02  0.00 -0.01 -0.01  0.01 -0.02  0.04  0.07 -0.07  0.02  0.02  0.02
of6  0.00  0.47  0.00  0.06 -0.03  0.03  0.01  0.02 -0.01  0.01  0.01 -0.01 -0.14  0.12 -0.03 -0.01 -0.04
cf1 -0.04  0.00  0.20  0.06 -0.07  0.03  0.00  0.02  0.03 -0.04  0.03 -0.03  0.02 -0.02  0.01  0.01 -0.02
cf2  0.02  0.06  0.06  0.61  0.01 -0.13  0.05  0.01  0.10 -0.02  0.04 -0.08 -0.05 -0.04  0.05 -0.02 -0.04
cf3  0.01 -0.03 -0.07  0.01  0.31  0.05 -0.01  0.01 -0.01  0.04 -0.04  0.04  0.02 -0.02 -0.02  0.05  0.01
cf4 -0.02  0.03  0.03 -0.13  0.05  0.30 -0.01 -0.01 -0.09  0.00 -0.02  0.04  0.02  0.03  0.00 -0.02  0.00
cf5  0.00  0.01  0.00  0.05 -0.01 -0.01  0.06 -0.02 -0.01  0.01  0.00  0.00  0.01  0.02 -0.01 -0.02  0.03
ef1 -0.01  0.02  0.02  0.01  0.01 -0.01 -0.02  0.15  0.01 -0.02 -0.01  0.02 -0.01  0.00  0.02 -0.04 -0.01
ef2 -0.01 -0.01  0.03  0.10 -0.01 -0.09 -0.01  0.01  0.24 -0.04  0.04 -0.02  0.04 -0.02  0.07  0.00 -0.03
ef4  0.01  0.01 -0.04 -0.02  0.04  0.00  0.01 -0.02 -0.04  0.51  0.00  0.04  0.03  0.02  0.00  0.01  0.00
ef5 -0.02  0.01  0.03  0.04 -0.04 -0.02  0.00 -0.01  0.04  0.00  0.33 -0.02 -0.01 -0.01 -0.01 -0.01  0.01
ef6  0.04 -0.01 -0.03 -0.08  0.04  0.04  0.00  0.02 -0.02  0.04 -0.02  0.15  0.01 -0.01 -0.02  0.00  0.01
af1  0.07 -0.14  0.02 -0.05  0.02  0.02  0.01 -0.01  0.04  0.03 -0.01  0.01  0.44 -0.02 -0.02  0.05  0.05
af6 -0.07  0.12 -0.02 -0.04 -0.02  0.03  0.02  0.00 -0.02  0.02 -0.01 -0.01 -0.02  0.13 -0.06  0.00  0.00
nf1  0.02 -0.03  0.01  0.05 -0.02  0.00 -0.01  0.02  0.07  0.00 -0.01 -0.02 -0.02 -0.06  0.25  0.00  0.03
nf4  0.02 -0.01  0.01 -0.02  0.05 -0.02 -0.02 -0.04  0.00  0.01 -0.01  0.00  0.05  0.00  0.00  0.56  0.01
nf6  0.02 -0.04 -0.02 -0.04  0.01  0.00  0.03 -0.01 -0.03  0.00  0.01  0.01  0.05  0.00  0.03  0.01  0.22
[1] "Eigenvalues:"
 [1]  4.16  3.11  2.26  1.62  0.74  0.34  0.28  0.11  0.07  0.04 -0.04 -0.05 -0.06 -0.11 -0.16 -0.20 -0.23
