[1] "Analyzation  v4.0"
[1] ""
[1] "Using facets:"
 [1] "of1" "of2" "of3" "of4" "of5" "of6" "cf1" "cf2" "cf3" "cf4" "cf5" "cf6" "ef1" "ef2" "ef3" "ef4" "ef5" "ef6" "af1" "af2" "af3" "af4" "af5"
[24] "af6" "nf1" "nf2" "nf3" "nf4" "nf5" "nf6"
[1] ""
[1] "Correlation Matrix:"
      of1   of2   of3   of4   of5   of6   cf1   cf2   cf3   cf4   cf5   cf6   ef1   ef2   ef3   ef4   ef5   ef6   af1   af2   af3   af4   af5
of1  1.00  0.61  0.11  0.01  0.31  0.06 -0.17 -0.09 -0.26 -0.16 -0.31  0.10 -0.01 -0.12 -0.11 -0.12  0.31  0.17 -0.08 -0.42 -0.13 -0.11 -0.02
of2  0.61  1.00 -0.09 -0.12  0.40  0.08 -0.04 -0.07 -0.58 -0.23 -0.37  0.10 -0.04 -0.13  0.18 -0.15  0.23  0.16 -0.08 -0.21 -0.17 -0.41 -0.22
of3  0.11 -0.09  1.00  0.16 -0.28 -0.04 -0.18 -0.08  0.16  0.01 -0.05 -0.11  0.41  0.32 -0.13 -0.01 -0.08 -0.08  0.23 -0.03  0.25 -0.03 -0.04
of4  0.01 -0.12  0.16  1.00 -0.25 -0.07 -0.03  0.01  0.25  0.10  0.08 -0.23  0.05  0.15  0.19  0.60  0.16  0.27 -0.03  0.26  0.25  0.13  0.01
of5  0.31  0.40 -0.28 -0.25  1.00  0.48  0.33 -0.02 -0.44 -0.02 -0.22  0.58 -0.05 -0.09  0.22 -0.21  0.08  0.23  0.19 -0.08  0.00 -0.28 -0.01
of6  0.06  0.08 -0.04 -0.07  0.48  1.00  0.49  0.03 -0.14  0.34  0.00  0.48  0.24  0.07  0.40 -0.01  0.19  0.21  0.15  0.04  0.47 -0.32 -0.25
cf1 -0.17 -0.04 -0.18 -0.03  0.33  0.49  1.00  0.54  0.21  0.70  0.54  0.67 -0.02  0.02  0.31  0.30  0.18  0.28  0.20  0.03  0.23  0.01 -0.38
cf2 -0.09 -0.07 -0.08  0.01 -0.02  0.03  0.54  1.00  0.41  0.48  0.70  0.52 -0.30 -0.17  0.03  0.16 -0.04 -0.08 -0.16  0.07 -0.17  0.15 -0.20
cf3 -0.26 -0.58  0.16  0.25 -0.44 -0.14  0.21  0.41  1.00  0.60  0.68 -0.02 -0.22 -0.18 -0.12  0.32 -0.27 -0.24 -0.11  0.25  0.04  0.74  0.04
cf4 -0.16 -0.23  0.01  0.10 -0.02  0.34  0.70  0.48  0.60  1.00  0.60  0.42 -0.14 -0.12  0.15  0.35  0.03  0.00  0.04  0.05  0.19  0.29 -0.27
cf5 -0.31 -0.37 -0.05  0.08 -0.22  0.00  0.54  0.70  0.68  0.60  1.00  0.34 -0.26 -0.26  0.02  0.29 -0.27 -0.15 -0.07  0.17  0.02  0.43 -0.13
cf6  0.10  0.10 -0.11 -0.23  0.58  0.48  0.67  0.52 -0.02  0.42  0.34  1.00 -0.06  0.00  0.04 -0.11  0.00  0.04  0.19 -0.25  0.07 -0.10 -0.02
ef1 -0.01 -0.04  0.41  0.05 -0.05  0.24 -0.02 -0.30 -0.22 -0.14 -0.26 -0.06  1.00  0.78 -0.12  0.01  0.17  0.49  0.69 -0.07  0.53 -0.16  0.07
ef2 -0.12 -0.13  0.32  0.15 -0.09  0.07  0.02 -0.17 -0.18 -0.12 -0.26  0.00  0.78  1.00 -0.15  0.14  0.38  0.50  0.67 -0.13  0.32 -0.17  0.09
ef3 -0.11  0.18 -0.13  0.19  0.22  0.40  0.31  0.03 -0.12  0.15  0.02  0.04 -0.12 -0.15  1.00  0.40  0.17  0.14 -0.12  0.52  0.01 -0.37 -0.77
ef4 -0.12 -0.15 -0.01  0.60 -0.21 -0.01  0.30  0.16  0.32  0.35  0.29 -0.11  0.01  0.14  0.40  1.00  0.33  0.27  0.05  0.25  0.11  0.02 -0.31
ef5  0.31  0.23 -0.08  0.16  0.08  0.19  0.18 -0.04 -0.27  0.03 -0.27  0.00  0.17  0.38  0.17  0.33  1.00  0.61  0.13 -0.23  0.07 -0.32 -0.28
ef6  0.17  0.16 -0.08  0.27  0.23  0.21  0.28 -0.08 -0.24  0.00 -0.15  0.04  0.49  0.50  0.14  0.27  0.61  1.00  0.53 -0.03  0.20 -0.21 -0.10
af1 -0.08 -0.08  0.23 -0.03  0.19  0.15  0.20 -0.16 -0.11  0.04 -0.07  0.19  0.69  0.67 -0.12  0.05  0.13  0.53  1.00 -0.14  0.25 -0.06  0.15
af2 -0.42 -0.21 -0.03  0.26 -0.08  0.04  0.03  0.07  0.25  0.05  0.17 -0.25 -0.07 -0.13  0.52  0.25 -0.23 -0.03 -0.14  1.00  0.05  0.06 -0.30
af3 -0.13 -0.17  0.25  0.25  0.00  0.47  0.23 -0.17  0.04  0.19  0.02  0.07  0.53  0.32  0.01  0.11  0.07  0.20  0.25  0.05  1.00  0.02  0.04
af4 -0.11 -0.41 -0.03  0.13 -0.28 -0.32  0.01  0.15  0.74  0.29  0.43 -0.10 -0.16 -0.17 -0.37  0.02 -0.32 -0.21 -0.06  0.06  0.02  1.00  0.30
af5 -0.02 -0.22 -0.04  0.01 -0.01 -0.25 -0.38 -0.20  0.04 -0.27 -0.13 -0.02  0.07  0.09 -0.77 -0.31 -0.28 -0.10  0.15 -0.30  0.04  0.30  1.00
af6  0.12 -0.04  0.45  0.00 -0.09  0.27 -0.15 -0.33 -0.17 -0.09 -0.23  0.01  0.79  0.56 -0.39 -0.11  0.06  0.17  0.50 -0.28  0.56 -0.14  0.36
nf1 -0.14 -0.34  0.49 -0.10 -0.10  0.15  0.08  0.03  0.29  0.36  0.07  0.16  0.05  0.01 -0.08 -0.05 -0.24 -0.43 -0.03 -0.05  0.10  0.03  0.07
nf2 -0.07  0.09  0.32  0.09 -0.22  0.07  0.07  0.07  0.15  0.18  0.10 -0.19 -0.19 -0.16  0.49  0.19 -0.01 -0.31 -0.32  0.29  0.03 -0.08 -0.50
nf3  0.04 -0.12  0.43 -0.14 -0.23 -0.02 -0.36 -0.10  0.12 -0.05 -0.09 -0.11 -0.04 -0.12 -0.33 -0.37 -0.42 -0.67 -0.24 -0.11  0.12  0.07  0.21
nf4  0.02 -0.14  0.08 -0.19  0.33  0.19  0.13 -0.02  0.05  0.18 -0.04  0.35  0.15  0.13 -0.39 -0.11 -0.14 -0.12  0.20 -0.32  0.22  0.15  0.52
nf5  0.33  0.42 -0.07  0.15  0.18 -0.05 -0.21 -0.51 -0.23 -0.23 -0.53 -0.40  0.02 -0.08  0.38  0.23  0.32  0.26 -0.03  0.11 -0.14 -0.13 -0.26
nf6 -0.01 -0.28  0.64 -0.02 -0.10  0.11 -0.11 -0.23  0.21  0.14 -0.05 -0.01  0.30  0.14 -0.30 -0.12 -0.24 -0.27  0.21 -0.14  0.32  0.09  0.28
      af6   nf1   nf2   nf3   nf4   nf5   nf6
of1  0.12 -0.14 -0.07  0.04  0.02  0.33 -0.01
of2 -0.04 -0.34  0.09 -0.12 -0.14  0.42 -0.28
of3  0.45  0.49  0.32  0.43  0.08 -0.07  0.64
of4  0.00 -0.10  0.09 -0.14 -0.19  0.15 -0.02
of5 -0.09 -0.10 -0.22 -0.23  0.33  0.18 -0.10
of6  0.27  0.15  0.07 -0.02  0.19 -0.05  0.11
cf1 -0.15  0.08  0.07 -0.36  0.13 -0.21 -0.11
cf2 -0.33  0.03  0.07 -0.10 -0.02 -0.51 -0.23
cf3 -0.17  0.29  0.15  0.12  0.05 -0.23  0.21
cf4 -0.09  0.36  0.18 -0.05  0.18 -0.23  0.14
cf5 -0.23  0.07  0.10 -0.09 -0.04 -0.53 -0.05
cf6  0.01  0.16 -0.19 -0.11  0.35 -0.40 -0.01
ef1  0.79  0.05 -0.19 -0.04  0.15  0.02  0.30
ef2  0.56  0.01 -0.16 -0.12  0.13 -0.08  0.14
ef3 -0.39 -0.08  0.49 -0.33 -0.39  0.38 -0.30
ef4 -0.11 -0.05  0.19 -0.37 -0.11  0.23 -0.12
ef5  0.06 -0.24 -0.01 -0.42 -0.14  0.32 -0.24
ef6  0.17 -0.43 -0.31 -0.67 -0.12  0.26 -0.27
af1  0.50 -0.03 -0.32 -0.24  0.20 -0.03  0.21
af2 -0.28 -0.05  0.29 -0.11 -0.32  0.11 -0.14
af3  0.56  0.10  0.03  0.12  0.22 -0.14  0.32
af4 -0.14  0.03 -0.08  0.07  0.15 -0.13  0.09
af5  0.36  0.07 -0.50  0.21  0.52 -0.26  0.28
af6  1.00  0.25 -0.25  0.29  0.36 -0.15  0.54
nf1  0.25  1.00  0.28  0.50  0.50 -0.13  0.78
nf2 -0.25  0.28  1.00  0.27 -0.24  0.11  0.13
nf3  0.29  0.50  0.27  1.00  0.16 -0.23  0.57
nf4  0.36  0.50 -0.24  0.16  1.00 -0.18  0.54
nf5 -0.15 -0.13  0.11 -0.23 -0.18  1.00 -0.07
nf6  0.54  0.78  0.13  0.57  0.54 -0.07  1.00
Factor Analysis using method =  pa
Call: fa(r = data_temp, nfactors = 5, rotate = "varimax", residuals = TRUE, 
    fm = "pa")
Standardized loadings (pattern matrix) based upon correlation matrix
      PA1   PA4   PA3   PA2   PA5   h2   u2 com
of1 -0.02 -0.46 -0.02 -0.04 -0.09 0.22 0.78 1.1
of2 -0.12 -0.68  0.02 -0.18  0.08 0.51 0.49 1.2
of3  0.36  0.09 -0.15  0.58  0.11 0.51 0.49 2.0
of4  0.24  0.29 -0.17 -0.13  0.35 0.31 0.69 3.7
of5 -0.02 -0.58  0.50 -0.15 -0.15 0.63 0.37 2.3
of6  0.27 -0.30  0.59  0.15  0.19 0.56 0.44 2.4
cf1  0.12  0.17  0.88 -0.18  0.22 0.90 0.10 1.3
cf2 -0.26  0.39  0.54 -0.14  0.04 0.54 0.46 2.5
cf3 -0.12  0.86  0.12  0.16  0.11 0.81 0.19 1.2
cf4  0.02  0.45  0.64  0.12  0.22 0.67 0.33 2.1
cf5 -0.20  0.72  0.48 -0.06  0.07 0.80 0.20 2.0
cf6 -0.01 -0.11  0.88 -0.01 -0.26 0.86 0.14 1.2
ef1  0.89 -0.10 -0.09  0.11 -0.06 0.83 0.17 1.1
ef2  0.80 -0.01 -0.08 -0.05 -0.06 0.66 0.34 1.0
ef3 -0.09 -0.24  0.23 -0.12  0.86 0.86 0.14 1.4
ef4  0.23  0.33  0.07 -0.23  0.53 0.51 0.49 2.6
ef5  0.35 -0.27  0.06 -0.36  0.24 0.39 0.61 3.7
ef6  0.65 -0.16  0.10 -0.60  0.12 0.83 0.17 2.2
af1  0.71 -0.02  0.14 -0.10 -0.19 0.57 0.43 1.3
af2 -0.10  0.24 -0.08 -0.04  0.49 0.32 0.68 1.6
af3  0.54  0.08  0.16  0.24  0.07 0.39 0.61 1.7
af4 -0.14  0.63 -0.06  0.01 -0.21 0.47 0.53 1.4
af5  0.10  0.16 -0.23  0.08 -0.78 0.71 0.29 1.3
af6  0.74 -0.11 -0.07  0.39 -0.32 0.81 0.19 2.0
nf1  0.05  0.15  0.20  0.78  0.00 0.68 0.32 1.2
nf2 -0.22  0.02 -0.01  0.40  0.63 0.60 0.40 2.0
nf3 -0.18  0.02 -0.18  0.78 -0.18 0.71 0.29 1.3
nf4  0.19  0.00  0.30  0.35 -0.49 0.49 0.51 3.0
nf5  0.04 -0.41 -0.31 -0.15  0.36 0.42 0.58 3.2
nf6  0.31  0.10  0.00  0.82 -0.17 0.81 0.19 1.4

                       PA1  PA4  PA3  PA2  PA5
SS loadings           4.04 3.81 3.61 3.53 3.35
Proportion Var        0.13 0.13 0.12 0.12 0.11
Cumulative Var        0.13 0.26 0.38 0.50 0.61
Proportion Explained  0.22 0.21 0.20 0.19 0.18
Cumulative Proportion 0.22 0.43 0.62 0.82 1.00

Mean item complexity =  1.9
Test of the hypothesis that 5 factors are sufficient.

df null model =  435  with the objective function =  33.15 with Chi Square =  1265.4
df of  the model are 295  and the objective function was  14.45 

The root mean square of the residuals (RMSR) is  0.07 
The df corrected root mean square of the residuals is  0.09 

The harmonic n.obs is  50 with the empirical chi square  217.41  with prob <  1 
The total n.obs was  50  with Likelihood Chi Square =  503.31  with prob <  4.4e-13 

Tucker Lewis Index of factoring reliability =  0.573
RMSEA index =  0.117  and the 90 % confidence intervals are  0.102 0.138
BIC =  -650.74
Fit based upon off diagonal values = 0.93[1] "Residuals:"
      of1   of2   of3   of4   of5   of6   cf1   cf2   cf3   cf4   cf5   cf6   ef1   ef2   ef3   ef4   ef5   ef6   af1   af2   af3   af4   af5
of1  0.78  0.30  0.19  0.16  0.04 -0.03 -0.06  0.09  0.15  0.09  0.03  0.04 -0.04 -0.11 -0.13  0.08  0.20  0.09 -0.09 -0.27 -0.07  0.15 -0.03
of2  0.30  0.49  0.11  0.06 -0.02 -0.08  0.02  0.12  0.01  0.07  0.06  0.02  0.03 -0.04 -0.09  0.02  0.01  0.01 -0.02 -0.11 -0.02  0.02 -0.02
of3  0.19  0.11  0.49  0.07 -0.05 -0.14 -0.03  0.14  0.04 -0.04  0.06  0.07  0.03  0.06 -0.07 -0.03  0.01  0.05  0.07 -0.06 -0.07 -0.03 -0.09
of4  0.16  0.06  0.07  0.69  0.05  0.01 -0.06  0.03  0.03  0.01 -0.03  0.05 -0.11 -0.04  0.00  0.25  0.04  0.06 -0.12  0.03  0.13  0.04  0.19
of5  0.04 -0.02 -0.05  0.05  0.37  0.07  0.00 -0.09  0.04 -0.04 -0.05  0.03 -0.04 -0.05  0.08  0.00 -0.11  0.03  0.08  0.16  0.02  0.08  0.09
of6 -0.03 -0.08 -0.14  0.01  0.07  0.44 -0.02 -0.09  0.03  0.03 -0.02 -0.02  0.01 -0.08  0.08 -0.07  0.00  0.00 -0.07  0.10  0.21 -0.02  0.04
cf1 -0.06  0.02 -0.03 -0.06  0.00 -0.02  0.10  0.00 -0.02  0.03 -0.01 -0.04  0.00  0.00 -0.05  0.00  0.02  0.01  0.02 -0.04  0.04  0.02 -0.03
cf2  0.09  0.12  0.14  0.03 -0.09 -0.09  0.00  0.46 -0.01 -0.03  0.10  0.09  0.04  0.09 -0.07  0.01  0.07  0.01 -0.04 -0.03 -0.11 -0.10 -0.07
cf3  0.15  0.01  0.04  0.03  0.04  0.03 -0.02 -0.01  0.19  0.10 -0.03  0.00 -0.02 -0.05 -0.03  0.03  0.04  0.04  0.00  0.00 -0.03  0.21  0.01
cf4  0.09  0.07 -0.04  0.01 -0.04  0.03  0.03 -0.03  0.10  0.33 -0.03 -0.03 -0.06 -0.06 -0.06  0.06  0.10  0.04  0.00 -0.11  0.00  0.10 -0.03
cf5  0.03  0.06  0.06 -0.03 -0.05 -0.02 -0.01  0.10 -0.03 -0.03  0.20  0.02  0.05 -0.05  0.00  0.01 -0.07  0.00  0.03 -0.02  0.01 -0.01 -0.05
cf6  0.04  0.02  0.07  0.05  0.03 -0.02 -0.04  0.09  0.00 -0.03  0.02  0.14  0.00  0.06  0.03  0.01 -0.02 -0.03  0.02 -0.03 -0.03 -0.04  0.00
ef1 -0.04  0.03  0.03 -0.11 -0.04  0.01  0.00  0.04 -0.02 -0.06  0.05  0.00  0.17  0.06  0.02 -0.09 -0.11 -0.02  0.07  0.07  0.05  0.01 -0.09
ef2 -0.11 -0.04  0.06 -0.04 -0.05 -0.08  0.00  0.09 -0.05 -0.06 -0.05  0.06  0.06  0.34 -0.01 -0.02  0.10 -0.04  0.09 -0.02 -0.08 -0.07 -0.06
ef3 -0.13 -0.09 -0.07  0.00  0.08  0.08 -0.05 -0.07 -0.03 -0.06  0.00  0.03  0.02 -0.01  0.14  0.00 -0.13 -0.04  0.06  0.16  0.01 -0.03  0.01
ef4  0.08  0.02 -0.03  0.25  0.00 -0.07  0.00  0.01  0.03  0.06  0.01  0.01 -0.09 -0.02  0.00  0.49  0.13 -0.04 -0.04 -0.07 -0.03 -0.04  0.06
ef5  0.20  0.01  0.01  0.04 -0.11  0.00  0.02  0.07  0.04  0.10 -0.07 -0.02 -0.11  0.10 -0.13  0.13  0.61  0.08 -0.12 -0.26 -0.04 -0.04 -0.04
ef6  0.09  0.01  0.05  0.06  0.03  0.00  0.01  0.01  0.04  0.04  0.00 -0.03 -0.02 -0.04 -0.04 -0.04  0.08  0.17  0.02  0.00 -0.02  0.02  0.03
af1 -0.09 -0.02  0.07 -0.12  0.08 -0.07  0.02 -0.04  0.00  0.00  0.03  0.02  0.07  0.09  0.06 -0.04 -0.12  0.02  0.43  0.03 -0.12  0.02 -0.03
af2 -0.27 -0.11 -0.06  0.03  0.16  0.10 -0.04 -0.03  0.00 -0.11 -0.02 -0.03  0.07 -0.02  0.16 -0.07 -0.26  0.00  0.03  0.68  0.07  0.00  0.04
af3 -0.07 -0.02 -0.07  0.13  0.02  0.21  0.04 -0.11 -0.03  0.00  0.01 -0.03  0.05 -0.08  0.01 -0.03 -0.04 -0.02 -0.12  0.07  0.61  0.07  0.05
af4  0.15  0.02 -0.03  0.04  0.08 -0.02  0.02 -0.10  0.21  0.10 -0.01 -0.04  0.01 -0.07 -0.03 -0.04 -0.04  0.02  0.02  0.00  0.07  0.53  0.03
af5 -0.03 -0.02 -0.09  0.19  0.09  0.04 -0.03 -0.07  0.01 -0.03 -0.05  0.00 -0.09 -0.06  0.01  0.06 -0.04  0.03 -0.03  0.04  0.05  0.03  0.29
af6  0.07  0.07  0.00  0.00 -0.09  0.08 -0.03  0.00 -0.01  0.01  0.07 -0.01  0.06 -0.04 -0.02  0.02 -0.01 -0.04 -0.03 -0.02  0.11 -0.04  0.01
nf1 -0.04 -0.09  0.04 -0.02  0.00 -0.06  0.01 -0.01  0.02  0.07 -0.08  0.01 -0.05  0.03  0.01  0.06  0.06  0.02 -0.01 -0.04 -0.16 -0.05  0.02
nf2  0.01  0.09  0.09 -0.03 -0.05 -0.04  0.04  0.04 -0.02 -0.01  0.03 -0.01  0.00  0.07 -0.02 -0.01  0.06 -0.01 -0.01 -0.04  0.01  0.01 -0.02
nf3  0.05  0.03  0.03  0.03 -0.05  0.06 -0.01  0.06 -0.01  0.00  0.01  0.01  0.00  0.04 -0.05 -0.05 -0.02 -0.04 -0.05 -0.03  0.07 -0.02 -0.02
nf4  0.00 -0.03 -0.09  0.03  0.16  0.00  0.00 -0.07  0.03  0.05 -0.09 -0.04 -0.07 -0.01  0.02  0.17  0.02  0.00 -0.03 -0.03  0.02  0.09  0.17
nf5  0.17  0.10 -0.05  0.05  0.14 -0.04  0.02 -0.21  0.15  0.09 -0.11 -0.08 -0.05 -0.12  0.03  0.15  0.07  0.06  0.03  0.00 -0.07  0.20  0.02
nf6  0.06 -0.02  0.06  0.04  0.06 -0.04  0.02 -0.06  0.04  0.03  0.00 -0.03 -0.07 -0.07 -0.01  0.05  0.01  0.06  0.04 -0.02 -0.03  0.03  0.04
      af6   nf1   nf2   nf3   nf4   nf5   nf6
of1  0.07 -0.04  0.01  0.05  0.00  0.17  0.06
of2  0.07 -0.09  0.09  0.03 -0.03  0.10 -0.02
of3  0.00  0.04  0.09  0.03 -0.09 -0.05  0.06
of4  0.00 -0.02 -0.03  0.03  0.03  0.05  0.04
of5 -0.09  0.00 -0.05 -0.05  0.16  0.14  0.06
of6  0.08 -0.06 -0.04  0.06  0.00 -0.04 -0.04
cf1 -0.03  0.01  0.04 -0.01  0.00  0.02  0.02
cf2  0.00 -0.01  0.04  0.06 -0.07 -0.21 -0.06
cf3 -0.01  0.02 -0.02 -0.01  0.03  0.15  0.04
cf4  0.01  0.07 -0.01  0.00  0.05  0.09  0.03
cf5  0.07 -0.08  0.03  0.01 -0.09 -0.11  0.00
cf6 -0.01  0.01 -0.01  0.01 -0.04 -0.08 -0.03
ef1  0.06 -0.05  0.00  0.00 -0.07 -0.05 -0.07
ef2 -0.04  0.03  0.07  0.04 -0.01 -0.12 -0.07
ef3 -0.02  0.01 -0.02 -0.05  0.02  0.03 -0.01
ef4  0.02  0.06 -0.01 -0.05  0.17  0.15  0.05
ef5 -0.01  0.06  0.06 -0.02  0.02  0.07  0.01
ef6 -0.04  0.02 -0.01 -0.04  0.00  0.06  0.06
af1 -0.03 -0.01 -0.01 -0.05 -0.03  0.03  0.04
af2 -0.02 -0.04 -0.04 -0.03 -0.03  0.00 -0.02
af3  0.11 -0.16  0.01  0.07  0.02 -0.07 -0.03
af4 -0.04 -0.05  0.01 -0.02  0.09  0.20  0.03
af5  0.01  0.02 -0.02 -0.02  0.17  0.02  0.04
af6  0.19 -0.06 -0.04  0.05 -0.05 -0.07 -0.05
nf1 -0.06  0.32 -0.01 -0.07  0.15  0.11  0.10
nf2 -0.04 -0.01  0.40  0.04 -0.02 -0.05 -0.02
nf3  0.05 -0.07  0.04  0.29 -0.11 -0.08 -0.05
nf4 -0.05  0.15 -0.02 -0.11  0.51  0.14  0.11
nf5 -0.07  0.11 -0.05 -0.08  0.14  0.58  0.14
nf6 -0.05  0.10 -0.02 -0.05  0.11  0.14  0.19
[1] "Eigenvalues:"
 [1]  4.70  4.53  3.85  2.85  2.42  1.14  1.01  0.62  0.47  0.37  0.15  0.12  0.10 -0.01 -0.04 -0.06 -0.09 -0.13 -0.15 -0.19 -0.20 -0.21 -0.24
[24] -0.28 -0.30 -0.33 -0.34 -0.44 -0.44 -0.51
