[1] "Analyzation  v5.1"
[1] ""
[1] "Using facets:"
 [1] "of3b" "of1"  "of2"  "of5"  "cf2b" "cf3b" "cf3"  "cf5"  "ef2"  "ef3b" "ef4"  "ef5"  "af1b" "af1"  "af3"  "af6"  "nf1"  "nf4"  "nf6" 
[1] ""
[1] "Correlation Matrix:"
      of3b   of1   of2   of5  cf2b  cf3b   cf3   cf5   ef2  ef3b   ef4   ef5  af1b   af1   af3   af6   nf1   nf4   nf6
of3b  1.00  0.72  0.70  0.77  0.04 -0.17 -0.23 -0.05 -0.09  0.29  0.10  0.26  0.18  0.00  0.12  0.25 -0.07  0.15  0.16
of1   0.72  1.00  0.51  0.39 -0.17 -0.30 -0.32 -0.25  0.03  0.24  0.08  0.43  0.09 -0.07 -0.01  0.23  0.07  0.18  0.24
of2   0.70  0.51  1.00  0.52  0.03 -0.18 -0.23 -0.06 -0.03  0.25  0.13  0.28  0.16  0.01  0.09  0.24 -0.14  0.08  0.05
of5   0.77  0.39  0.52  1.00  0.27  0.12  0.05  0.20 -0.18  0.16  0.07  0.01  0.28  0.04  0.23  0.28  0.05  0.20  0.20
cf2b  0.04 -0.17  0.03  0.27  1.00  0.76  0.67  0.82  0.00  0.26  0.40 -0.12  0.29  0.33  0.35  0.23 -0.05 -0.05  0.06
cf3b -0.17 -0.30 -0.18  0.12  0.76  1.00  0.94  0.83 -0.04 -0.04  0.17 -0.34  0.36  0.39  0.44  0.31  0.11 -0.02  0.11
cf3  -0.23 -0.32 -0.23  0.05  0.67  0.94  1.00  0.77 -0.03 -0.08  0.14 -0.34  0.36  0.40  0.43  0.32  0.14  0.01  0.13
cf5  -0.05 -0.25 -0.06  0.20  0.82  0.83  0.77  1.00 -0.08  0.08  0.23 -0.27  0.31  0.31  0.40  0.25 -0.06 -0.09  0.02
ef2  -0.09  0.03 -0.03 -0.18  0.00 -0.04 -0.03 -0.08  1.00  0.52  0.63  0.57  0.20  0.34  0.19  0.13 -0.16 -0.13  0.01
ef3b  0.29  0.24  0.25  0.16  0.26 -0.04 -0.08  0.08  0.52  1.00  0.85  0.71  0.08  0.11  0.09  0.04 -0.20 -0.07 -0.06
ef4   0.10  0.08  0.13  0.07  0.40  0.17  0.14  0.23  0.63  0.85  1.00  0.62  0.17  0.26  0.19  0.12 -0.16 -0.12  0.00
ef5   0.26  0.43  0.28  0.01 -0.12 -0.34 -0.34 -0.27  0.57  0.71  0.62  1.00 -0.11  0.00 -0.13 -0.11 -0.24 -0.10 -0.11
af1b  0.18  0.09  0.16  0.28  0.29  0.36  0.36  0.31  0.20  0.08  0.17 -0.11  1.00  0.54  0.85  0.86  0.16  0.19  0.49
af1   0.00 -0.07  0.01  0.04  0.33  0.39  0.40  0.31  0.34  0.11  0.26  0.00  0.54  1.00  0.55  0.51 -0.19 -0.14  0.11
af3   0.12 -0.01  0.09  0.23  0.35  0.44  0.43  0.40  0.19  0.09  0.19 -0.13  0.85  0.55  1.00  0.66  0.02  0.07  0.30
af6   0.25  0.23  0.24  0.28  0.23  0.31  0.32  0.25  0.13  0.04  0.12 -0.11  0.86  0.51  0.66  1.00  0.29  0.27  0.64
nf1  -0.07  0.07 -0.14  0.05 -0.05  0.11  0.14 -0.06 -0.16 -0.20 -0.16 -0.24  0.16 -0.19  0.02  0.29  1.00  0.70  0.73
nf4   0.15  0.18  0.08  0.20 -0.05 -0.02  0.01 -0.09 -0.13 -0.07 -0.12 -0.10  0.19 -0.14  0.07  0.27  0.70  1.00  0.71
nf6   0.16  0.24  0.05  0.20  0.06  0.11  0.13  0.02  0.01 -0.06  0.00 -0.11  0.49  0.11  0.30  0.64  0.73  0.71  1.00
[1] "Correlation Matrix:"
      o_llm c_llm e_llm a_llm n_llm
o_llm  1.00 -0.12  0.20  0.18  0.13
c_llm -0.12  1.00 -0.04  0.43  0.03
e_llm  0.20 -0.04  1.00  0.11 -0.15
a_llm  0.18  0.43  0.11  1.00  0.24
n_llm  0.13  0.03 -0.15  0.24  1.00
Factor Analysis using method =  pa
Call: fa(r = data_facets, nfactors = 5, rotate = "varimax", residuals = TRUE, 
    fm = "pa")
Standardized loadings (pattern matrix) based upon correlation matrix
       PA1   PA5   PA4   PA2   PA3   h2     u2 com
of3b -0.06  0.06  0.07  0.99  0.02 1.00 -0.003 1.0
of1  -0.28  0.04  0.18  0.65  0.16 0.55  0.446 1.7
of2  -0.10  0.09  0.11  0.71 -0.05 0.54  0.461 1.1
of5   0.22  0.10 -0.05  0.75  0.10 0.63  0.366 1.3
cf2b  0.86  0.13  0.16  0.10 -0.03 0.79  0.208 1.1
cf3b  0.91  0.26 -0.07 -0.14  0.05 0.91  0.086 1.2
cf3   0.83  0.28 -0.09 -0.21  0.08 0.82  0.180 1.4
cf5   0.89  0.18 -0.02  0.01 -0.07 0.83  0.169 1.1
ef2  -0.13  0.29  0.71 -0.19 -0.08 0.64  0.358 1.6
ef3b  0.10 -0.01  0.86  0.24 -0.06 0.81  0.187 1.2
ef4   0.26  0.10  0.90  0.05 -0.05 0.90  0.098 1.2
ef5  -0.28 -0.10  0.79  0.22 -0.10 0.78  0.225 1.5
af1b  0.18  0.91  0.03  0.15  0.20 0.92  0.076 1.2
af1   0.24  0.64  0.16 -0.06 -0.16 0.52  0.477 1.6
af3   0.29  0.79  0.04  0.08  0.04 0.71  0.286 1.3
af6   0.13  0.81  0.01  0.22  0.35 0.84  0.162 1.6
nf1   0.03 -0.02 -0.15 -0.08  0.90 0.84  0.162 1.1
nf4  -0.04  0.02 -0.07  0.14  0.78 0.64  0.360 1.1
nf6   0.01  0.36 -0.01  0.12  0.85 0.86  0.136 1.4

                       PA1  PA5  PA4  PA2  PA3
SS loadings           3.54 2.96 2.83 2.82 2.41
Proportion Var        0.19 0.16 0.15 0.15 0.13
Cumulative Var        0.19 0.34 0.49 0.64 0.77
Proportion Explained  0.24 0.20 0.19 0.19 0.17
Cumulative Proportion 0.24 0.45 0.64 0.83 1.00

Mean item complexity =  1.3
Test of the hypothesis that 5 factors are sufficient.

df null model =  171  with the objective function =  18.43 with Chi Square =  4457.1
df of  the model are 86  and the objective function was  2.03 

The root mean square of the residuals (RMSR) is  0.02 
The df corrected root mean square of the residuals is  0.03 

The harmonic n.obs is  250 with the empirical chi square  42.26  with prob <  1 
The total n.obs was  250  with Likelihood Chi Square =  484.21  with prob <  8.3e-57 

Tucker Lewis Index of factoring reliability =  0.813
RMSEA index =  0.136  and the 90 % confidence intervals are  0.125 0.148
BIC =  9.36
Fit based upon off diagonal values = 1[1] "Residuals:"
      of3b   of1   of2   of5  cf2b  cf3b   cf3   cf5   ef2  ef3b   ef4   ef5  af1b   af1   af3   af6   nf1   nf4   nf6
of3b  0.00  0.04 -0.03  0.03 -0.02  0.02  0.02 -0.01  0.03  0.00  0.00 -0.02 -0.02  0.02  0.00 -0.02  0.00 -0.01  0.00
of1   0.04  0.45  0.01 -0.05 -0.02  0.04  0.04  0.00 -0.01 -0.03 -0.04  0.09 -0.03  0.01 -0.02  0.04  0.01 -0.04  0.02
of2  -0.03  0.01  0.46  0.00  0.01  0.00 -0.01  0.00 -0.01 -0.01  0.01  0.01  0.00 -0.01 -0.02  0.04 -0.01  0.02 -0.02
of5   0.03 -0.05  0.00  0.37  0.01 -0.01 -0.02 -0.01  0.01  0.01  0.02 -0.03  0.02  0.00  0.02 -0.03  0.01  0.02 -0.01
cf2b -0.02 -0.02  0.01  0.01  0.21 -0.02 -0.04  0.03 -0.03  0.01  0.01 -0.02  0.00  0.02 -0.01  0.00 -0.02  0.00  0.03
cf3b  0.02  0.04  0.00 -0.01 -0.02  0.09  0.08 -0.01  0.02 -0.03 -0.02  0.03 -0.02  0.01 -0.01  0.00  0.02 -0.02 -0.01
cf3   0.02  0.04 -0.01 -0.02 -0.04  0.08  0.18 -0.01  0.02 -0.03 -0.02  0.04 -0.03  0.03 -0.01  0.01  0.02  0.00 -0.02
cf5  -0.01  0.00  0.00 -0.01  0.03 -0.01 -0.01  0.17 -0.01  0.01 -0.01  0.01  0.01 -0.03  0.01  0.01 -0.02  0.00  0.01
ef2   0.03 -0.01 -0.01  0.01 -0.03  0.02  0.02 -0.01  0.36 -0.03  0.00  0.03 -0.02  0.05 -0.01 -0.02  0.01  0.01  0.00
ef3b  0.00 -0.03 -0.01  0.01  0.01 -0.03 -0.03  0.01 -0.03  0.19  0.03 -0.01  0.03 -0.03  0.03  0.00  0.00  0.01 -0.02
ef4   0.00 -0.04  0.01  0.02  0.01 -0.02 -0.02 -0.01  0.00  0.03  0.10 -0.03  0.01 -0.01  0.01  0.00  0.01 -0.01  0.00
ef5  -0.02  0.09  0.01 -0.03 -0.02  0.03  0.04  0.01  0.03 -0.01 -0.03  0.22 -0.01  0.00 -0.01 -0.01  0.00  0.00  0.00
af1b -0.02 -0.03  0.00  0.02  0.00 -0.02 -0.03  0.01 -0.02  0.03  0.01 -0.01  0.08 -0.05  0.06  0.00  0.01  0.01 -0.02
af1   0.02  0.01 -0.01  0.00  0.02  0.01  0.03 -0.03  0.05 -0.03 -0.01  0.00 -0.05  0.48 -0.01  0.03 -0.03  0.00  0.02
af3   0.00 -0.02 -0.02  0.02 -0.01 -0.01 -0.01  0.01 -0.01  0.03  0.01 -0.01  0.06 -0.01  0.29 -0.04  0.00  0.03 -0.02
af6  -0.02  0.04  0.04 -0.03  0.00  0.00  0.01  0.01 -0.02  0.00  0.00 -0.01  0.00  0.03 -0.04  0.16  0.01 -0.04  0.03
nf1   0.00  0.01 -0.01  0.01 -0.02  0.02  0.02 -0.02  0.01  0.00  0.01  0.00  0.01 -0.03  0.00  0.01  0.16  0.00 -0.02
nf4  -0.01 -0.04  0.02  0.02  0.00 -0.02  0.00  0.00  0.01  0.01 -0.01  0.00  0.01  0.00  0.03 -0.04  0.00  0.36  0.02
nf6   0.00  0.02 -0.02 -0.01  0.03 -0.01 -0.02  0.01  0.00 -0.02  0.00  0.00 -0.02  0.02 -0.02  0.03 -0.02  0.02  0.14
[1] "Eigenvalues:"
 [1]  4.82  3.57  3.02  1.82  1.34  0.27  0.15  0.11  0.06  0.04 -0.01 -0.03 -0.04 -0.05 -0.07 -0.08 -0.10 -0.12 -0.13
