[1] "Analyzation  v4.0"
[1] ""
[1] "Using facets:"
 [1] "of1" "of2" "of3" "of4" "of5" "of6" "cf1" "cf2" "cf3" "cf4" "cf5" "cf6" "ef1" "ef2" "ef3" "ef4" "ef5" "ef6" "af1" "af2" "af3" "af4" "af5"
[24] "af6" "nf1" "nf2" "nf3" "nf4" "nf5" "nf6"
[1] ""
[1] "Correlation Matrix:"
      of1   of2   of3   of4   of5   of6   cf1   cf2   cf3   cf4   cf5   cf6   ef1   ef2   ef3   ef4   ef5   ef6   af1   af2   af3   af4   af5
of1  1.00  0.55  0.13  0.00  0.35  0.18 -0.18 -0.07 -0.17 -0.15 -0.24  0.14  0.05 -0.08 -0.11 -0.12  0.29  0.10 -0.08 -0.44 -0.05 -0.05 -0.13
of2  0.55  1.00 -0.05 -0.15  0.40  0.15 -0.04 -0.01 -0.52 -0.27 -0.31  0.09 -0.01 -0.14  0.14 -0.13  0.21  0.20 -0.03 -0.39 -0.18 -0.38 -0.30
of3  0.13 -0.05  1.00  0.05 -0.29  0.07 -0.20 -0.07  0.06 -0.01 -0.05 -0.15  0.41  0.33 -0.12  0.02 -0.09 -0.12  0.09 -0.01  0.26 -0.06 -0.25
of4  0.00 -0.15  0.05  1.00 -0.22  0.03  0.02  0.05  0.13  0.05  0.13 -0.10  0.19  0.34  0.23  0.72  0.26  0.34  0.01  0.16  0.25  0.01  0.00
of5  0.35  0.40 -0.29 -0.22  1.00  0.57  0.27  0.03 -0.39  0.00 -0.22  0.52  0.02 -0.13  0.18 -0.29  0.11  0.26  0.20 -0.17  0.03 -0.20  0.05
of6  0.18  0.15  0.07  0.03  0.57  1.00  0.44  0.13 -0.12  0.31 -0.02  0.48  0.35  0.15  0.37  0.02  0.17  0.35  0.22  0.04  0.52 -0.19 -0.29
cf1 -0.18 -0.04 -0.20  0.02  0.27  0.44  1.00  0.67  0.33  0.73  0.60  0.59  0.00  0.00  0.34  0.35  0.20  0.34  0.27  0.15  0.26  0.13 -0.34
cf2 -0.07 -0.01 -0.07  0.05  0.03  0.13  0.67  1.00  0.43  0.49  0.74  0.57 -0.16 -0.13  0.13  0.21  0.04  0.05  0.00  0.03 -0.07  0.17 -0.31
cf3 -0.17 -0.52  0.06  0.13 -0.39 -0.12  0.33  0.43  1.00  0.64  0.69  0.08 -0.15 -0.10 -0.08  0.30 -0.19 -0.23 -0.10  0.27  0.07  0.75 -0.03
cf4 -0.15 -0.27 -0.01  0.05  0.00  0.31  0.73  0.49  0.64  1.00  0.59  0.38 -0.12 -0.12  0.14  0.27 -0.01  0.01  0.06  0.22  0.19  0.35 -0.24
cf5 -0.24 -0.31 -0.05  0.13 -0.22 -0.02  0.60  0.74  0.69  0.59  1.00  0.40 -0.16 -0.16  0.11  0.28 -0.15 -0.04 -0.01  0.17  0.08  0.44 -0.16
cf6  0.14  0.09 -0.15 -0.10  0.52  0.48  0.59  0.57  0.08  0.38  0.40  1.00  0.05  0.05  0.11 -0.01  0.10  0.16  0.27 -0.26  0.12 -0.07 -0.02
ef1  0.05 -0.01  0.41  0.19  0.02  0.35  0.00 -0.16 -0.15 -0.12 -0.16  0.05  1.00  0.75 -0.08  0.20  0.15  0.56  0.62 -0.03  0.53 -0.08 -0.04
ef2 -0.08 -0.14  0.33  0.34 -0.13  0.15  0.00 -0.13 -0.10 -0.12 -0.16  0.05  0.75  1.00 -0.09  0.38  0.38  0.53  0.63 -0.09  0.35 -0.14  0.07
ef3 -0.11  0.14 -0.12  0.23  0.18  0.37  0.34  0.13 -0.08  0.14  0.11  0.11 -0.08 -0.09  1.00  0.39  0.22  0.19 -0.06  0.42  0.07 -0.24 -0.64
ef4 -0.12 -0.13  0.02  0.72 -0.29  0.02  0.35  0.21  0.30  0.27  0.28 -0.01  0.20  0.38  0.39  1.00  0.40  0.41  0.17  0.23  0.23  0.02 -0.20
ef5  0.29  0.21 -0.09  0.26  0.11  0.17  0.20  0.04 -0.19 -0.01 -0.15  0.10  0.15  0.38  0.22  0.40  1.00  0.58  0.23 -0.13 -0.04 -0.24 -0.26
ef6  0.10  0.20 -0.12  0.34  0.26  0.35  0.34  0.05 -0.23  0.01 -0.04  0.16  0.56  0.53  0.19  0.41  0.58  1.00  0.61 -0.03  0.17 -0.20 -0.12
af1 -0.08 -0.03  0.09  0.01  0.20  0.22  0.27  0.00 -0.10  0.06 -0.01  0.27  0.62  0.63 -0.06  0.17  0.23  0.61  1.00 -0.01  0.19  0.05  0.08
af2 -0.44 -0.39 -0.01  0.16 -0.17  0.04  0.15  0.03  0.27  0.22  0.17 -0.26 -0.03 -0.09  0.42  0.23 -0.13 -0.03 -0.01  1.00  0.09  0.23 -0.17
af3 -0.05 -0.18  0.26  0.25  0.03  0.52  0.26 -0.07  0.07  0.19  0.08  0.12  0.53  0.35  0.07  0.23 -0.04  0.17  0.19  0.09  1.00  0.13 -0.05
af4 -0.05 -0.38 -0.06  0.01 -0.20 -0.19  0.13  0.17  0.75  0.35  0.44 -0.07 -0.08 -0.14 -0.24  0.02 -0.24 -0.20  0.05  0.23  0.13  1.00  0.21
af5 -0.13 -0.30 -0.25  0.00  0.05 -0.29 -0.34 -0.31 -0.03 -0.24 -0.16 -0.02 -0.04  0.07 -0.64 -0.20 -0.26 -0.12  0.08 -0.17 -0.05  0.21  1.00
af6  0.13 -0.09  0.50  0.16 -0.01  0.32 -0.13 -0.22 -0.11 -0.08 -0.19  0.11  0.84  0.66 -0.37  0.06  0.05  0.29  0.46 -0.22  0.58 -0.06  0.25
nf1 -0.08 -0.37  0.52 -0.06 -0.19  0.08  0.03  0.02  0.29  0.35 -0.01 -0.01  0.04  0.05 -0.13  0.00 -0.19 -0.43 -0.19  0.09  0.22  0.05 -0.03
nf2  0.03  0.11  0.40 -0.01 -0.29  0.03  0.04  0.06  0.13  0.10  0.07 -0.30 -0.18 -0.15  0.33  0.12 -0.02 -0.30 -0.29  0.20  0.14  0.00 -0.51
nf3  0.04 -0.20  0.46 -0.17 -0.31 -0.15 -0.47 -0.22  0.09 -0.11 -0.16 -0.29 -0.07 -0.09 -0.42 -0.42 -0.43 -0.67 -0.35 -0.13  0.14  0.11  0.15
nf4  0.04 -0.15  0.04 -0.24  0.44  0.27  0.18 -0.01  0.06  0.23 -0.06  0.38  0.03  0.05 -0.31 -0.16 -0.12 -0.11  0.11 -0.14  0.22  0.12  0.48
nf5  0.30  0.39 -0.06 -0.04  0.17 -0.05 -0.28 -0.53 -0.29 -0.30 -0.64 -0.47 -0.01 -0.06  0.21  0.09  0.26  0.13 -0.01  0.07 -0.17 -0.07 -0.12
nf6  0.08 -0.33  0.58 -0.07 -0.06  0.11 -0.14 -0.19  0.15  0.09 -0.12  0.01  0.33  0.24 -0.30 -0.10 -0.18 -0.26  0.10 -0.09  0.37  0.13  0.24
      af6   nf1   nf2   nf3   nf4   nf5   nf6
of1  0.13 -0.08  0.03  0.04  0.04  0.30  0.08
of2 -0.09 -0.37  0.11 -0.20 -0.15  0.39 -0.33
of3  0.50  0.52  0.40  0.46  0.04 -0.06  0.58
of4  0.16 -0.06 -0.01 -0.17 -0.24 -0.04 -0.07
of5 -0.01 -0.19 -0.29 -0.31  0.44  0.17 -0.06
of6  0.32  0.08  0.03 -0.15  0.27 -0.05  0.11
cf1 -0.13  0.03  0.04 -0.47  0.18 -0.28 -0.14
cf2 -0.22  0.02  0.06 -0.22 -0.01 -0.53 -0.19
cf3 -0.11  0.29  0.13  0.09  0.06 -0.29  0.15
cf4 -0.08  0.35  0.10 -0.11  0.23 -0.30  0.09
cf5 -0.19 -0.01  0.07 -0.16 -0.06 -0.64 -0.12
cf6  0.11 -0.01 -0.30 -0.29  0.38 -0.47  0.01
ef1  0.84  0.04 -0.18 -0.07  0.03 -0.01  0.33
ef2  0.66  0.05 -0.15 -0.09  0.05 -0.06  0.24
ef3 -0.37 -0.13  0.33 -0.42 -0.31  0.21 -0.30
ef4  0.06  0.00  0.12 -0.42 -0.16  0.09 -0.10
ef5  0.05 -0.19 -0.02 -0.43 -0.12  0.26 -0.18
ef6  0.29 -0.43 -0.30 -0.67 -0.11  0.13 -0.26
af1  0.46 -0.19 -0.29 -0.35  0.11 -0.01  0.10
af2 -0.22  0.09  0.20 -0.13 -0.14  0.07 -0.09
af3  0.58  0.22  0.14  0.14  0.22 -0.17  0.37
af4 -0.06  0.05  0.00  0.11  0.12 -0.07  0.13
af5  0.25 -0.03 -0.51  0.15  0.48 -0.12  0.24
af6  1.00  0.26 -0.24  0.24  0.28 -0.14  0.59
nf1  0.26  1.00  0.28  0.51  0.39 -0.03  0.74
nf2 -0.24  0.28  1.00  0.27 -0.30  0.10  0.08
nf3  0.24  0.51  0.27  1.00  0.08 -0.16  0.51
nf4  0.28  0.39 -0.30  0.08  1.00 -0.07  0.53
nf5 -0.14 -0.03  0.10 -0.16 -0.07  1.00 -0.01
nf6  0.59  0.74  0.08  0.51  0.53 -0.01  1.00
Factor Analysis using method =  pa
Call: fa(r = data_temp, nfactors = 5, rotate = "varimax", residuals = TRUE, 
    fm = "pa")
Standardized loadings (pattern matrix) based upon correlation matrix
      PA2   PA1   PA3   PA4   PA5   h2    u2 com
of1 -0.01 -0.01  0.06 -0.48  0.00 0.24 0.763 1.0
of2 -0.07 -0.04 -0.23 -0.69  0.18 0.56 0.438 1.4
of3  0.19 -0.14  0.71  0.01  0.19 0.60 0.403 1.4
of4  0.44 -0.08 -0.09  0.27  0.27 0.35 0.651 2.6
of5  0.00  0.45 -0.16 -0.69 -0.24 0.76 0.235 2.1
of6  0.30  0.54  0.22 -0.44  0.14 0.64 0.359 3.1
cf1  0.16  0.87 -0.15  0.12  0.23 0.86 0.135 1.3
cf2 -0.09  0.67 -0.14  0.26  0.16 0.57 0.426 1.6
cf3 -0.12  0.36  0.16  0.75  0.08 0.74 0.259 1.6
cf4 -0.03  0.70  0.14  0.35  0.17 0.67 0.335 1.7
cf5 -0.08  0.61 -0.10  0.62  0.12 0.79 0.209 2.2
cf6  0.10  0.80 -0.07 -0.19 -0.24 0.75 0.249 1.3
ef1  0.83 -0.04  0.30 -0.11 -0.08 0.80 0.201 1.3
ef2  0.84 -0.12  0.16  0.04 -0.07 0.76 0.245 1.1
ef3  0.05  0.22 -0.21 -0.15  0.70 0.61 0.395 1.5
ef4  0.51  0.10 -0.15  0.34  0.45 0.62 0.380 3.0
ef5  0.42  0.04 -0.26 -0.24  0.25 0.36 0.636 3.2
ef6  0.79  0.15 -0.41 -0.21  0.09 0.87 0.131 1.8
af1  0.66  0.17 -0.07 -0.06 -0.20 0.51 0.492 1.4
af2  0.00  0.02 -0.02  0.35  0.33 0.23 0.769 2.0
af3  0.43  0.22  0.44  0.03  0.06 0.43 0.570 2.5
af4 -0.11  0.16  0.07  0.53 -0.15 0.34 0.657 1.5
af5  0.01 -0.21 -0.04  0.19 -0.82 0.76 0.242 1.2
af6  0.69 -0.05  0.56 -0.10 -0.35 0.92 0.078 2.5
nf1 -0.12  0.10  0.76  0.16  0.03 0.63 0.370 1.2
nf2 -0.25 -0.07  0.35  0.03  0.66 0.62 0.375 1.9
nf3 -0.35 -0.30  0.70  0.10 -0.16 0.73 0.266 2.1
nf4  0.00  0.36  0.33 -0.12 -0.53 0.54 0.460 2.6
nf5  0.02 -0.40 -0.09 -0.38  0.22 0.36 0.642 2.7
nf6  0.13  0.01  0.83  0.04 -0.26 0.77 0.232 1.3

                       PA2  PA1  PA3  PA4  PA5
SS loadings           4.17 4.00 3.67 3.56 3.01
Proportion Var        0.14 0.13 0.12 0.12 0.10
Cumulative Var        0.14 0.27 0.39 0.51 0.61
Proportion Explained  0.23 0.22 0.20 0.19 0.16
Cumulative Proportion 0.23 0.44 0.64 0.84 1.00

Mean item complexity =  1.9
Test of the hypothesis that 5 factors are sufficient.

df null model =  435  with the objective function =  34.26 with Chi Square =  1307.51
df of  the model are 295  and the objective function was  15.27 

The root mean square of the residuals (RMSR) is  0.07 
The df corrected root mean square of the residuals is  0.09 

The harmonic n.obs is  50 with the empirical chi square  232.4  with prob <  1 
The total n.obs was  50  with Likelihood Chi Square =  531.93  with prob <  8.3e-16 

Tucker Lewis Index of factoring reliability =  0.539
RMSEA index =  0.125  and the 90 % confidence intervals are  0.11 0.145
BIC =  -622.11
Fit based upon off diagonal values = 0.93[1] "Residuals:"
      of1   of2   of3   of4   of5   of6   cf1   cf2   cf3   cf4   cf5   cf6   ef1   ef2   ef3   ef4   ef5   ef6   af1   af2   af3   af4   af5
of1  0.76  0.24  0.09  0.14  0.03 -0.03 -0.10  0.07  0.19  0.02  0.07  0.06 -0.02 -0.06 -0.17  0.07  0.19  0.04 -0.09 -0.27 -0.05  0.20 -0.04
of2  0.24  0.44  0.09 -0.01 -0.06 -0.09  0.01  0.13  0.02  0.00  0.09  0.02  0.04 -0.02 -0.12  0.03 -0.03  0.00 -0.01 -0.21 -0.03  0.03 -0.04
of3  0.09  0.09  0.40 -0.03 -0.06 -0.09 -0.05  0.11  0.00 -0.05  0.10  0.04  0.05  0.05 -0.08 -0.04 -0.02  0.02  0.08 -0.06 -0.12 -0.04 -0.10
of4  0.14 -0.01 -0.03  0.65  0.05  0.04 -0.09  0.01  0.00 -0.01  0.00  0.02 -0.09 -0.01  0.06  0.27  0.05  0.00 -0.21 -0.03  0.10 -0.03  0.15
of5  0.03 -0.06 -0.06  0.05  0.24  0.10 -0.01 -0.07  0.01  0.00 -0.05 -0.04 -0.01 -0.04  0.11 -0.01 -0.05  0.01  0.03  0.14  0.05  0.08  0.07
of6 -0.03 -0.09 -0.09  0.04  0.10  0.36 -0.03 -0.09  0.01  0.04 -0.05 -0.02  0.02 -0.05  0.12 -0.07 -0.06  0.02 -0.05  0.14  0.18 -0.01  0.02
cf1 -0.10  0.01 -0.05 -0.09 -0.01 -0.03  0.14  0.01 -0.04  0.07 -0.04 -0.06 -0.02  0.00 -0.03  0.01  0.03  0.03  0.06  0.01  0.05 -0.01  0.00
cf2  0.07  0.13  0.11  0.01 -0.07 -0.09  0.01  0.43 -0.01 -0.08  0.13  0.11  0.02  0.05 -0.11  0.00  0.04  0.00 -0.02 -0.14 -0.13 -0.05 -0.09
cf3  0.19  0.02  0.00  0.00  0.01  0.01 -0.04 -0.01  0.26  0.08  0.00 -0.03  0.01 -0.01 -0.06  0.05  0.05  0.03 -0.01 -0.02 -0.05  0.28 -0.02
cf4  0.02  0.00 -0.05 -0.01  0.00  0.04  0.07 -0.08  0.08  0.33 -0.07 -0.06 -0.05 -0.04 -0.05  0.04  0.05  0.05  0.03  0.03 -0.04  0.06 -0.01
cf5  0.07  0.09  0.10  0.00 -0.05 -0.05 -0.04  0.13  0.00 -0.07  0.21  0.06  0.05 -0.02 -0.03 -0.02 -0.05  0.01 -0.01 -0.11  0.00  0.03 -0.05
cf6  0.06  0.02  0.04  0.02 -0.04 -0.02 -0.06  0.11 -0.03 -0.06  0.06  0.25 -0.02  0.06  0.05  0.03  0.03 -0.08  0.01 -0.13 -0.05 -0.11 -0.01
ef1 -0.02  0.04  0.05 -0.09 -0.01  0.02 -0.02  0.02  0.01 -0.05  0.05 -0.02  0.20  0.00 -0.01 -0.10 -0.12  0.01  0.08  0.04  0.06  0.04 -0.09
ef2 -0.06 -0.02  0.05 -0.01 -0.04 -0.05  0.00  0.05 -0.01 -0.04 -0.02  0.06  0.00  0.24 -0.02  0.00  0.10 -0.04  0.10 -0.08 -0.06 -0.07 -0.03
ef3 -0.17 -0.12 -0.08  0.06  0.11  0.12 -0.03 -0.11 -0.06 -0.05 -0.03  0.05 -0.01 -0.02  0.39  0.04 -0.08 -0.07 -0.02  0.23  0.06 -0.07  0.00
ef4  0.07  0.03 -0.04  0.27 -0.01 -0.07  0.01  0.00  0.05  0.04 -0.02  0.03 -0.10  0.00  0.04  0.38  0.12 -0.04 -0.09 -0.05  0.02 -0.05  0.11
ef5  0.19 -0.03 -0.02  0.05 -0.05 -0.06  0.03  0.04  0.05  0.05 -0.05  0.03 -0.12  0.10 -0.08  0.12  0.64  0.06 -0.04 -0.14 -0.12 -0.02 -0.01
ef6  0.04  0.00  0.02  0.00  0.01  0.02  0.03  0.00  0.03  0.05  0.01 -0.08  0.01 -0.04 -0.07 -0.04  0.06  0.13  0.04  0.00 -0.02  0.02 -0.01
af1 -0.09 -0.01  0.08 -0.21  0.03 -0.05  0.06 -0.02 -0.01  0.03 -0.01  0.01  0.08  0.10 -0.02 -0.09 -0.04  0.04  0.49  0.07 -0.09  0.11 -0.05
af2 -0.27 -0.21 -0.06 -0.03  0.14  0.14  0.01 -0.14 -0.02  0.03 -0.11 -0.13  0.04 -0.08  0.23 -0.05 -0.14  0.00  0.07  0.77  0.07  0.09  0.04
af3 -0.05 -0.03 -0.12  0.10  0.05  0.18  0.05 -0.13 -0.05 -0.04  0.00 -0.05  0.06 -0.06  0.06  0.02 -0.12 -0.02 -0.09  0.07  0.57  0.10  0.04
af4  0.20  0.03 -0.04 -0.03  0.08 -0.01 -0.01 -0.05  0.28  0.06  0.03 -0.11  0.04 -0.07 -0.07 -0.05 -0.02  0.02  0.11  0.09  0.10  0.66  0.02
af5 -0.04 -0.04 -0.10  0.15  0.07  0.02  0.00 -0.09 -0.02 -0.01 -0.05 -0.01 -0.09 -0.03  0.00  0.11 -0.01 -0.01 -0.05  0.04  0.04  0.02  0.24
af6  0.05  0.07  0.03  0.03 -0.06  0.02 -0.03  0.04  0.00 -0.01  0.05  0.02  0.06 -0.04 -0.05 -0.02 -0.03 -0.01 -0.03 -0.06  0.07 -0.02 -0.02
nf1 -0.05 -0.10  0.00  0.02  0.00 -0.05  0.04  0.00 -0.01  0.10 -0.10  0.01 -0.07  0.03  0.01  0.09  0.08 -0.01 -0.06  0.04 -0.09 -0.12  0.02
nf2  0.02  0.07  0.07 -0.07 -0.02 -0.01  0.04  0.02  0.00 -0.03  0.03 -0.03 -0.03  0.03 -0.02 -0.01  0.02  0.00  0.04 -0.02  0.07  0.04  0.03
nf3  0.04  0.02  0.02  0.04 -0.03  0.03 -0.02  0.04 -0.02 -0.02  0.02  0.01  0.00  0.04 -0.06 -0.06 -0.02 -0.02 -0.04 -0.09  0.06 -0.01 -0.03
nf4 -0.04 -0.06 -0.04 -0.01  0.12  0.02  0.05 -0.09  0.02  0.07 -0.11 -0.04 -0.11  0.00  0.03  0.14  0.05 -0.01 -0.04  0.07  0.03  0.03  0.16
nf5  0.12  0.05 -0.10 -0.04  0.12 -0.02  0.04 -0.21  0.13  0.09 -0.19 -0.18 -0.05 -0.08  0.07  0.14  0.10  0.04  0.06  0.14 -0.05  0.23  0.04
nf6  0.04 -0.06  0.02  0.01  0.03 -0.05  0.01 -0.04  0.02  0.00 -0.02 -0.01 -0.04 -0.02  0.05  0.07  0.06  0.01  0.02  0.00 -0.04  0.02  0.05
      af6   nf1   nf2   nf3   nf4   nf5   nf6
of1  0.05 -0.05  0.02  0.04 -0.04  0.12  0.04
of2  0.07 -0.10  0.07  0.02 -0.06  0.05 -0.06
of3  0.03  0.00  0.07  0.02 -0.04 -0.10  0.02
of4  0.03  0.02 -0.07  0.04 -0.01 -0.04  0.01
of5 -0.06  0.00 -0.02 -0.03  0.12  0.12  0.03
of6  0.02 -0.05 -0.01  0.03  0.02 -0.02 -0.05
cf1 -0.03  0.04  0.04 -0.02  0.05  0.04  0.01
cf2  0.04  0.00  0.02  0.04 -0.09 -0.21 -0.04
cf3  0.00 -0.01  0.00 -0.02  0.02  0.13  0.02
cf4 -0.01  0.10 -0.03 -0.02  0.07  0.09  0.00
cf5  0.05 -0.10  0.03  0.02 -0.11 -0.19 -0.02
cf6  0.02  0.01 -0.03  0.01 -0.04 -0.18 -0.01
ef1  0.06 -0.07 -0.03  0.00 -0.11 -0.05 -0.04
ef2 -0.04  0.03  0.03  0.04  0.00 -0.08 -0.02
ef3 -0.05  0.01 -0.02 -0.06  0.03  0.07  0.05
ef4 -0.02  0.09 -0.01 -0.06  0.14  0.14  0.07
ef5 -0.03  0.08  0.02 -0.02  0.05  0.10  0.06
ef6 -0.01 -0.01  0.00 -0.02 -0.01  0.04  0.01
af1 -0.03 -0.06  0.04 -0.04 -0.04  0.06  0.02
af2 -0.06  0.04 -0.02 -0.09  0.07  0.14  0.00
af3  0.07 -0.09  0.07  0.06  0.03 -0.05 -0.04
af4 -0.02 -0.12  0.04 -0.01  0.03  0.23  0.02
af5 -0.02  0.02  0.03 -0.03  0.16  0.04  0.05
af6  0.08 -0.05 -0.04  0.04 -0.08 -0.08 -0.04
nf1 -0.05  0.37 -0.04 -0.04  0.14  0.13  0.13
nf2 -0.04 -0.04  0.38  0.02 -0.03 -0.02 -0.01
nf3  0.04 -0.04  0.02  0.27 -0.11 -0.14 -0.07
nf4 -0.08  0.14 -0.03 -0.11  0.46  0.17  0.13
nf5 -0.08  0.13 -0.02 -0.14  0.17  0.64  0.14
nf6 -0.04  0.13 -0.01 -0.07  0.13  0.14  0.23
[1] "Eigenvalues:"
 [1]  4.64  4.44  4.19  2.84  2.29  1.25  0.93  0.69  0.59  0.23  0.17  0.13  0.06 -0.02 -0.05 -0.08 -0.12 -0.13 -0.17 -0.18 -0.20 -0.22 -0.22
[24] -0.25 -0.27 -0.36 -0.38 -0.40 -0.48 -0.49
