[1] "Analyzation  v1.3"
[1] ""
[1] "Using facets:"
 [1] "of1" "of2" "of3" "cf1" "cf2" "cf3" "ef2" "ef3" "af1" "af2" "af3" "nf1" "nf2" "nf3"
[1] ""
[1] "Correlation Matrix:"
      of1   of2   of3   cf1   cf2   cf3   ef2   ef3   af1   af2   af3   nf1   nf2   nf3
of1  1.00  0.39  0.59  0.14  0.29  0.23 -0.01  0.10  0.18  0.23  0.08 -0.03 -0.04 -0.11
of2  0.39  1.00  0.65 -0.08 -0.05 -0.11  0.10  0.22  0.08 -0.02 -0.02 -0.11  0.00  0.11
of3  0.59  0.65  1.00 -0.19 -0.07 -0.14  0.11  0.22  0.07 -0.02 -0.04 -0.07  0.09  0.20
cf1  0.14 -0.08 -0.19  1.00  0.66  0.59  0.08  0.00  0.23  0.34  0.31 -0.16 -0.16 -0.43
cf2  0.29 -0.05 -0.07  0.66  1.00  0.79  0.17  0.24  0.30  0.36  0.35 -0.14 -0.22 -0.28
cf3  0.23 -0.11 -0.14  0.59  0.79  1.00 -0.04 -0.02  0.46  0.59  0.45  0.01 -0.16 -0.35
ef2 -0.01  0.10  0.11  0.08  0.17 -0.04  1.00  0.51 -0.18 -0.48 -0.05 -0.39 -0.24  0.21
ef3  0.10  0.22  0.22  0.00  0.24 -0.02  0.51  1.00  0.04 -0.21  0.12 -0.22 -0.42  0.35
af1  0.18  0.08  0.07  0.23  0.30  0.46 -0.18  0.04  1.00  0.61  0.53  0.08 -0.01 -0.11
af2  0.23 -0.02 -0.02  0.34  0.36  0.59 -0.48 -0.21  0.61  1.00  0.55  0.06 -0.08 -0.45
af3  0.08 -0.02 -0.04  0.31  0.35  0.45 -0.05  0.12  0.53  0.55  1.00 -0.33 -0.40 -0.36
nf1 -0.03 -0.11 -0.07 -0.16 -0.14  0.01 -0.39 -0.22  0.08  0.06 -0.33  1.00  0.56  0.40
nf2 -0.04  0.00  0.09 -0.16 -0.22 -0.16 -0.24 -0.42 -0.01 -0.08 -0.40  0.56  1.00  0.34
nf3 -0.11  0.11  0.20 -0.43 -0.28 -0.35  0.21  0.35 -0.11 -0.45 -0.36  0.40  0.34  1.00
Factor Analysis using method =  pa
Call: fa(r = data_facets, nfactors = 5, rotate = "varimax", residuals = TRUE, 
    fm = "pa")
Standardized loadings (pattern matrix) based upon correlation matrix
      PA1   PA5   PA3   PA4   PA2   h2    u2 com
of1  0.26  0.10  0.66  0.00 -0.04 0.51 0.492 1.4
of2 -0.10  0.02  0.65 -0.05  0.12 0.45 0.549 1.1
of3 -0.15  0.00  0.97  0.03  0.12 0.97 0.030 1.1
cf1  0.69  0.12 -0.06 -0.18 -0.08 0.53 0.471 1.2
cf2  0.92  0.18  0.05 -0.10  0.18 0.92 0.077 1.2
cf3  0.79  0.42 -0.03 -0.01 -0.05 0.80 0.202 1.5
ef2  0.13 -0.34  0.06 -0.30  0.59 0.57 0.431 2.3
ef3  0.04  0.05  0.16 -0.23  0.78 0.68 0.317 1.3
af1  0.21  0.71  0.10  0.07  0.02 0.56 0.439 1.2
af2  0.31  0.78  0.08 -0.01 -0.39 0.86 0.140 1.8
af3  0.21  0.67 -0.03 -0.42  0.03 0.67 0.326 1.9
nf1 -0.04  0.07 -0.08  0.82 -0.10 0.69 0.310 1.1
nf2 -0.11 -0.14  0.05  0.69 -0.22 0.56 0.444 1.4
nf3 -0.35 -0.12  0.05  0.58  0.65 0.89 0.106 2.6

                       PA1  PA5  PA3  PA4  PA2
SS loadings           2.38 1.95 1.85 1.84 1.64
Proportion Var        0.17 0.14 0.13 0.13 0.12
Cumulative Var        0.17 0.31 0.44 0.57 0.69
Proportion Explained  0.25 0.20 0.19 0.19 0.17
Cumulative Proportion 0.25 0.45 0.64 0.83 1.00

Mean item complexity =  1.5
Test of the hypothesis that 5 factors are sufficient.

df null model =  91  with the objective function =  7.74 with Chi Square =  1885.47
df of  the model are 31  and the objective function was  0.41 

The root mean square of the residuals (RMSR) is  0.02 
The df corrected root mean square of the residuals is  0.04 

The harmonic n.obs is  250 with the empirical chi square  23.1  with prob <  0.85 
The total n.obs was  250  with Likelihood Chi Square =  99.41  with prob <  4.3e-09 

Tucker Lewis Index of factoring reliability =  0.886
RMSEA index =  0.094  and the 90 % confidence intervals are  0.074 0.115
BIC =  -71.76
Fit based upon off diagonal values = 0.99
Measures of factor score adequacy             
                                                   PA1  PA5  PA3  PA4  PA2
Correlation of (regression) scores with factors   0.96 0.92 0.99 0.93 0.93
Multiple R square of scores with factors          0.92 0.85 0.97 0.87 0.87
Minimum correlation of possible factor scores     0.84 0.69 0.94 0.74 0.75
[1] "Residuals:"
      of1   of2   of3   cf1   cf2   cf3   ef2   ef3   af1   af2   af3   nf1   nf2   nf3
of1  0.49  0.00  0.00 -0.01  0.01  0.00 -0.02  0.01 -0.02  0.01 -0.02  0.03 -0.04 -0.01
of2  0.00  0.55  0.00  0.03 -0.01 -0.01  0.00  0.01  0.02  0.00 -0.02 -0.01  0.01 -0.01
of3  0.00  0.00  0.03 -0.01  0.00  0.01  0.01 -0.01 -0.01 -0.01  0.02 -0.02  0.03  0.01
cf1 -0.01  0.03 -0.01  0.47  0.00 -0.01  0.03 -0.01  0.01  0.00  0.02  0.00  0.04 -0.01
cf2  0.01 -0.01  0.00  0.00  0.08  0.00 -0.03  0.02 -0.02  0.00  0.00 -0.01  0.00  0.00
cf3  0.00 -0.01  0.01 -0.01  0.00  0.20  0.02 -0.03  0.01  0.00  0.00  0.01 -0.02  0.01
ef2 -0.02  0.00  0.01  0.03 -0.03  0.02  0.43 -0.01  0.04 -0.04  0.01 -0.05  0.06  0.01
ef3  0.01  0.01 -0.01 -0.01  0.02 -0.03 -0.01  0.32 -0.01  0.03 -0.04  0.05 -0.09  0.00
af1 -0.02  0.02 -0.01  0.01 -0.02  0.01  0.04 -0.01  0.44 -0.01  0.04 -0.01  0.06 -0.01
af2  0.01  0.00 -0.01  0.00  0.00  0.00 -0.04  0.03 -0.01  0.14 -0.02 -0.01 -0.02  0.00
af3 -0.02 -0.02  0.02  0.02  0.00  0.00  0.01 -0.04  0.04 -0.02  0.33 -0.03  0.01  0.02
nf1  0.03 -0.01 -0.02  0.00 -0.01  0.01 -0.05  0.05 -0.01 -0.01 -0.03  0.31 -0.01 -0.01
nf2 -0.04  0.01  0.03  0.04  0.00 -0.02  0.06 -0.09  0.06 -0.02  0.01 -0.01  0.44  0.03
nf3 -0.01 -0.01  0.01 -0.01  0.00  0.01  0.01  0.00 -0.01  0.00  0.02 -0.01  0.03  0.11
[1] "Eigenvalues:"
 [1]  3.65  2.20  1.80  1.18  0.83  0.23  0.07  0.02  0.01 -0.02 -0.03 -0.03 -0.10 -0.15

> # Model version for printing
> model_version <- "v3.3"

> source("connect_database.R")

> source("functions.R")

> source("NEO-PI-R-Names-EN.R")

> # combine datasets               DANGER !!! v2 in publication is v3 XXX
> data <- tbl(con, "openai_analyzation_v2") %>% select(-updated_at) %>%
+    .... [TRUNCATED] 

> o_facets <- paste0("of", 1:6)

> c_facets <- paste0("cf", 1:6)

> e_facets <- paste0("ef", 1:6)

> a_facets <- paste0("af", 1:6)

> n_facets <- paste0("nf", 1:6)

> # remove Items from analyzation
> o_facets <- o_facets[o_facets != "of1"] 

> o_facets <- o_facets[o_facets != "of2"]

> o_facets <- o_facets[o_facets != "of3"]

> c_facets <- c_facets[c_facets != "cf2"]

> c_facets <- c_facets[c_facets != "cf5"]

> c_facets <- c_facets[c_facets != "cf6"]

> e_facets <- e_facets[e_facets != "ef1"]  

> e_facets <- e_facets[e_facets != "ef3"]  

> e_facets <- e_facets[e_facets != "ef6"]  

> a_facets <- a_facets[a_facets != "af1"] 

> a_facets <- a_facets[a_facets != "af3"]

> a_facets <- a_facets[a_facets != "af6"] 

> n_facets <- n_facets[n_facets != "nf3"]  

> n_facets <- n_facets[n_facets != "nf5"] 

> n_facets <- n_facets[n_facets != "nf6"]  

> all_facets <- c(o_facets, c_facets, e_facets, a_facets, n_facets)

> facet_list <- list(o_facets, c_facets, e_facets, a_facets, n_facets)

> all_names <- facet_names[all_facets]

> sink(paste("outputs/output_analyzation_", model_version, ".txt"))

> # CFA
> model <- '
+   Ofactor =~ of1 + of2 + of3 + of4 + of5 + of6
+   Cfactor =~ cf1 + cf2 + cf3 + cf4 + cf5 + cf6
+   Efactor =~ ef1 + ef2 + ef3  .... [TRUNCATED] 

> sink(paste("outputs/output_cfa_", model_version, ".txt"))
