[1] "Analyzation  v3.2"
[1] ""
[1] "Using facets:"
 [1] "of1" "of2" "of3" "of4" "of5" "of6" "cf1" "cf2" "cf3" "cf4" "cf5" "cf6" "ef1" "ef2" "ef3" "ef4" "ef5" "ef6" "af1" "af2" "af3" "af4" "af5"
[24] "af6" "nf1" "nf2" "nf3" "nf4" "nf5" "nf6"
[1] ""
[1] "Correlation Matrix:"
      of1   of2   of3   of4   of5   of6   cf1   cf2   cf3   cf4   cf5   cf6   ef1   ef2   ef3   ef4   ef5   ef6   af1   af2   af3   af4   af5
of1  1.00  0.61  0.26 -0.03  0.59  0.30  0.01 -0.25 -0.27  0.05 -0.17 -0.11  0.10 -0.06  0.13  0.06  0.29  0.12  0.02 -0.09  0.03 -0.19 -0.12
of2  0.61  1.00  0.12  0.03  0.53  0.32  0.16 -0.10 -0.23  0.03 -0.02 -0.04  0.10 -0.04  0.22  0.09  0.29  0.20  0.03  0.05  0.02 -0.23 -0.06
of3  0.26  0.12  1.00  0.03  0.13  0.33 -0.05 -0.02  0.10  0.14  0.04  0.17  0.40  0.14 -0.08  0.07  0.03 -0.04  0.15 -0.01  0.38  0.27  0.09
of4 -0.03  0.03  0.03  1.00 -0.08 -0.04  0.38  0.04  0.06  0.24  0.22 -0.31  0.29  0.56  0.45  0.79  0.57  0.46  0.19  0.16  0.09 -0.06 -0.30
of5  0.59  0.53  0.13 -0.08  1.00  0.59  0.34  0.02  0.05  0.32  0.19  0.31  0.06 -0.18  0.16  0.02 -0.02  0.11  0.10  0.04  0.16 -0.03  0.12
of6  0.30  0.32  0.33 -0.04  0.59  1.00  0.39  0.21  0.38  0.39  0.40  0.53  0.36 -0.04  0.16  0.01 -0.09  0.15  0.30  0.17  0.53  0.29  0.17
cf1  0.01  0.16 -0.05  0.38  0.34  0.39  1.00  0.42  0.41  0.52  0.70  0.35  0.24  0.14  0.46  0.36  0.13  0.50  0.35  0.23  0.21  0.10 -0.16
cf2 -0.25 -0.10 -0.02  0.04  0.02  0.21  0.42  1.00  0.59  0.33  0.66  0.59  0.09 -0.07 -0.02 -0.02 -0.25  0.12  0.22  0.04  0.20  0.34  0.14
cf3 -0.27 -0.23  0.10  0.06  0.05  0.38  0.41  0.59  1.00  0.59  0.67  0.53  0.26 -0.01 -0.07  0.05 -0.32  0.11  0.32  0.14  0.37  0.61  0.23
cf4  0.05  0.03  0.14  0.24  0.32  0.39  0.52  0.33  0.59  1.00  0.61  0.34  0.16  0.11  0.19  0.31  0.02  0.22  0.21  0.15  0.22  0.25 -0.01
cf5 -0.17 -0.02  0.04  0.22  0.19  0.40  0.70  0.66  0.67  0.61  1.00  0.59  0.25  0.00  0.19  0.18 -0.18  0.25  0.30  0.16  0.34  0.34  0.06
cf6 -0.11 -0.04  0.17 -0.31  0.31  0.53  0.35  0.59  0.53  0.34  0.59  1.00  0.15 -0.24 -0.15 -0.30 -0.47 -0.05  0.24  0.00  0.41  0.47  0.33
ef1  0.10  0.10  0.40  0.29  0.06  0.36  0.24  0.09  0.26  0.16  0.25  0.15  1.00  0.61 -0.08  0.32  0.20  0.56  0.68  0.21  0.65  0.49  0.27
ef2 -0.06 -0.04  0.14  0.56 -0.18 -0.04  0.14 -0.07 -0.01  0.11  0.00 -0.24  0.61  1.00  0.20  0.63  0.59  0.56  0.37  0.22  0.26  0.16 -0.08
ef3  0.13  0.22 -0.08  0.45  0.16  0.16  0.46 -0.02 -0.07  0.19  0.19 -0.15 -0.08  0.20  1.00  0.48  0.44  0.24 -0.11  0.24 -0.06 -0.44 -0.60
ef4  0.06  0.09  0.07  0.79  0.02  0.01  0.36 -0.02  0.05  0.31  0.18 -0.30  0.32  0.63  0.48  1.00  0.66  0.50  0.20  0.13  0.08 -0.03 -0.27
ef5  0.29  0.29  0.03  0.57 -0.02 -0.09  0.13 -0.25 -0.32  0.02 -0.18 -0.47  0.20  0.59  0.44  0.66  1.00  0.52  0.06  0.07 -0.10 -0.28 -0.41
ef6  0.12  0.20 -0.04  0.46  0.11  0.15  0.50  0.12  0.11  0.22  0.25 -0.05  0.56  0.56  0.24  0.50  0.52  1.00  0.58  0.21  0.21  0.19 -0.10
af1  0.02  0.03  0.15  0.19  0.10  0.30  0.35  0.22  0.32  0.21  0.30  0.24  0.68  0.37 -0.11  0.20  0.06  0.58  1.00  0.26  0.52  0.55  0.22
af2 -0.09  0.05 -0.01  0.16  0.04  0.17  0.23  0.04  0.14  0.15  0.16  0.00  0.21  0.22  0.24  0.13  0.07  0.21  0.26  1.00  0.09  0.04 -0.01
af3  0.03  0.02  0.38  0.09  0.16  0.53  0.21  0.20  0.37  0.22  0.34  0.41  0.65  0.26 -0.06  0.08 -0.10  0.21  0.52  0.09  1.00  0.57  0.31
af4 -0.19 -0.23  0.27 -0.06 -0.03  0.29  0.10  0.34  0.61  0.25  0.34  0.47  0.49  0.16 -0.44 -0.03 -0.28  0.19  0.55  0.04  0.57  1.00  0.51
af5 -0.12 -0.06  0.09 -0.30  0.12  0.17 -0.16  0.14  0.23 -0.01  0.06  0.33  0.27 -0.08 -0.60 -0.27 -0.41 -0.10  0.22 -0.01  0.31  0.51  1.00
af6  0.16  0.11  0.60 -0.06  0.20  0.52  0.07  0.11  0.31  0.18  0.22  0.38  0.73  0.17 -0.32 -0.02 -0.13  0.18  0.55  0.08  0.74  0.59  0.45
nf1 -0.02 -0.19  0.48 -0.21 -0.02  0.00 -0.36 -0.01  0.17  0.18 -0.10  0.15 -0.04 -0.10 -0.41 -0.15 -0.24 -0.44 -0.19 -0.21  0.09  0.24  0.27
nf2 -0.03  0.02  0.07  0.06 -0.13 -0.15 -0.11 -0.18 -0.24 -0.12 -0.20 -0.27 -0.43 -0.08  0.51  0.12  0.16 -0.37 -0.60  0.00 -0.31 -0.50 -0.39
nf3  0.11 -0.02  0.49 -0.34  0.05  0.08 -0.43 -0.19 -0.13 -0.10 -0.23  0.08 -0.18 -0.29 -0.29 -0.35 -0.28 -0.70 -0.34 -0.20  0.02 -0.03  0.15
nf4  0.11 -0.05  0.46 -0.24  0.10  0.09 -0.35 -0.05  0.00  0.06 -0.15  0.10  0.06 -0.04 -0.34 -0.12 -0.12 -0.26 -0.13 -0.20  0.15  0.24  0.33
nf5  0.30  0.19 -0.02  0.43 -0.01 -0.25 -0.14 -0.51 -0.46 -0.14 -0.47 -0.76 -0.08  0.31  0.35  0.51  0.65  0.18 -0.22  0.03 -0.30 -0.46 -0.35
nf6  0.10 -0.08  0.68 -0.20  0.08  0.20 -0.33 -0.13  0.07  0.08 -0.12  0.15  0.21 -0.02 -0.35 -0.13 -0.20 -0.33 -0.03 -0.08  0.25  0.27  0.36
      af6   nf1   nf2   nf3   nf4   nf5   nf6
of1  0.16 -0.02 -0.03  0.11  0.11  0.30  0.10
of2  0.11 -0.19  0.02 -0.02 -0.05  0.19 -0.08
of3  0.60  0.48  0.07  0.49  0.46 -0.02  0.68
of4 -0.06 -0.21  0.06 -0.34 -0.24  0.43 -0.20
of5  0.20 -0.02 -0.13  0.05  0.10 -0.01  0.08
of6  0.52  0.00 -0.15  0.08  0.09 -0.25  0.20
cf1  0.07 -0.36 -0.11 -0.43 -0.35 -0.14 -0.33
cf2  0.11 -0.01 -0.18 -0.19 -0.05 -0.51 -0.13
cf3  0.31  0.17 -0.24 -0.13  0.00 -0.46  0.07
cf4  0.18  0.18 -0.12 -0.10  0.06 -0.14  0.08
cf5  0.22 -0.10 -0.20 -0.23 -0.15 -0.47 -0.12
cf6  0.38  0.15 -0.27  0.08  0.10 -0.76  0.15
ef1  0.73 -0.04 -0.43 -0.18  0.06 -0.08  0.21
ef2  0.17 -0.10 -0.08 -0.29 -0.04  0.31 -0.02
ef3 -0.32 -0.41  0.51 -0.29 -0.34  0.35 -0.35
ef4 -0.02 -0.15  0.12 -0.35 -0.12  0.51 -0.13
ef5 -0.13 -0.24  0.16 -0.28 -0.12  0.65 -0.20
ef6  0.18 -0.44 -0.37 -0.70 -0.26  0.18 -0.33
af1  0.55 -0.19 -0.60 -0.34 -0.13 -0.22 -0.03
af2  0.08 -0.21  0.00 -0.20 -0.20  0.03 -0.08
af3  0.74  0.09 -0.31  0.02  0.15 -0.30  0.25
af4  0.59  0.24 -0.50 -0.03  0.24 -0.46  0.27
af5  0.45  0.27 -0.39  0.15  0.33 -0.35  0.36
af6  1.00  0.27 -0.44  0.21  0.31 -0.30  0.52
nf1  0.27  1.00  0.08  0.60  0.72 -0.08  0.81
nf2 -0.44  0.08  1.00  0.27  0.02  0.35  0.03
nf3  0.21  0.60  0.27  1.00  0.51 -0.09  0.69
nf4  0.31  0.72  0.02  0.51  1.00  0.03  0.75
nf5 -0.30 -0.08  0.35 -0.09  0.03  1.00 -0.04
nf6  0.52  0.81  0.03  0.69  0.75 -0.04  1.00
Factor Analysis using method =  pa
Call: fa(r = data_facets, nfactors = 5, rotate = "varimax", residuals = TRUE, 
    fm = "pa")
Standardized loadings (pattern matrix) based upon correlation matrix
      PA2   PA1   PA5   PA3   PA4    h2    u2 com
of1  0.08  0.01 -0.22  0.10  0.77 0.651 0.349 1.2
of2  0.09 -0.01 -0.09 -0.08  0.72 0.540 0.460 1.1
of3  0.15  0.23  0.09  0.68  0.23 0.596 0.404 1.6
of4  0.80 -0.02  0.13 -0.13 -0.07 0.673 0.327 1.1
of5 -0.09  0.04  0.23  0.04  0.78 0.674 0.326 1.2
of6 -0.02  0.27  0.48  0.16  0.57 0.658 0.342 2.6
cf1  0.32  0.05  0.67 -0.36  0.25 0.747 0.253 2.4
cf2 -0.12  0.13  0.67 -0.12 -0.14 0.513 0.487 1.3
cf3 -0.03  0.26  0.76  0.07 -0.19 0.698 0.302 1.4
cf4  0.23  0.04  0.65  0.12  0.13 0.501 0.499 1.4
cf5  0.07  0.13  0.88 -0.13  0.02 0.811 0.189 1.1
cf6 -0.42  0.27  0.69  0.09  0.12 0.753 0.247 2.1
ef1  0.41  0.78  0.12  0.11  0.11 0.822 0.178 1.7
ef2  0.74  0.34 -0.08 -0.01 -0.15 0.699 0.301 1.5
ef3  0.54 -0.47  0.23 -0.26  0.28 0.709 0.291 3.4
ef4  0.87 -0.02  0.12 -0.04  0.01 0.772 0.228 1.0
ef5  0.77 -0.08 -0.28 -0.13  0.19 0.728 0.272 1.5
ef6  0.57  0.46  0.10 -0.43  0.16 0.754 0.246 3.1
af1  0.21  0.76  0.21 -0.18  0.07 0.699 0.301 1.5
af2  0.21  0.10  0.15 -0.14  0.04 0.099 0.901 3.4
af3  0.10  0.60  0.33  0.22  0.13 0.548 0.452 2.1
af4 -0.10  0.70  0.37  0.21 -0.21 0.715 0.285 2.0
af5 -0.37  0.51  0.06  0.23 -0.07 0.453 0.547 2.4
af6  0.00  0.75  0.18  0.42  0.23 0.830 0.170 1.9
nf1 -0.15 -0.01  0.04  0.84 -0.16 0.760 0.240 1.1
nf2  0.17 -0.71 -0.07  0.19  0.00 0.571 0.429 1.3
nf3 -0.33 -0.18 -0.13  0.74  0.08 0.715 0.285 1.6
nf4 -0.11  0.10 -0.08  0.73  0.01 0.567 0.433 1.1
nf5  0.60 -0.31 -0.51  0.03  0.15 0.748 0.252 2.6
nf6 -0.08  0.18 -0.03  0.93  0.04 0.909 0.091 1.1

                       PA2  PA1  PA5  PA3  PA4
SS loadings           4.50 4.40 4.34 4.07 2.60
Proportion Var        0.15 0.15 0.14 0.14 0.09
Cumulative Var        0.15 0.30 0.44 0.58 0.66
Proportion Explained  0.23 0.22 0.22 0.20 0.13
Cumulative Proportion 0.23 0.45 0.66 0.87 1.00

Mean item complexity =  1.8
Test of the hypothesis that 5 factors are sufficient.

df null model =  435  with the objective function =  27.07 with Chi Square =  6446.69
df of  the model are 295  and the objective function was  5.19 

The root mean square of the residuals (RMSR) is  0.04 
The df corrected root mean square of the residuals is  0.05 

The harmonic n.obs is  250 with the empirical chi square  337.94  with prob <  0.043 
The total n.obs was  250  with Likelihood Chi Square =  1218.4  with prob <  2.3e-112 

Tucker Lewis Index of factoring reliability =  0.77
RMSEA index =  0.112  and the 90 % confidence intervals are  0.106 0.119
BIC =  -410.44
Fit based upon off diagonal values = 0.98
Measures of factor score adequacy             
                                                   PA2  PA1  PA5  PA3  PA4
Correlation of (regression) scores with factors   0.97 0.97 0.97 0.98 0.94
Multiple R square of scores with factors          0.94 0.93 0.93 0.95 0.88
Minimum correlation of possible factor scores     0.87 0.87 0.86 0.90 0.76
[1] "Residuals:"
      of1   of2   of3   of4   of5   of6   cf1   cf2   cf3   cf4   cf5   cf6   ef1   ef2   ef3   ef4   ef5   ef6   af1   af2   af3   af4   af5
of1  0.35  0.04  0.02  0.00  0.05 -0.05 -0.02  0.03  0.04  0.06  0.01 -0.03 -0.01 -0.03 -0.05  0.01  0.03  0.01  0.01 -0.09 -0.04  0.04 -0.05
of2  0.04  0.46  0.01  0.01  0.01 -0.02 -0.02  0.06 -0.01 -0.01  0.04 -0.01  0.01 -0.01 -0.03  0.01  0.05  0.01 -0.02  0.00 -0.03 -0.01  0.05
of3  0.02  0.01  0.40  0.00 -0.09 -0.01  0.02  0.02 -0.03 -0.07  0.01  0.02  0.05 -0.01  0.04 -0.04 -0.01  0.01  0.03  0.01  0.02  0.00 -0.12
of4  0.00  0.01  0.00  0.33  0.02 -0.02  0.02  0.02 -0.01  0.00  0.03 -0.05 -0.01 -0.02 -0.03  0.08 -0.01 -0.04 -0.01 -0.03  0.02 -0.01  0.02
of5  0.05  0.01 -0.09  0.02  0.33  0.02  0.03 -0.03  0.01  0.08 -0.02  0.01 -0.06  0.00 -0.04  0.06 -0.03  0.02  0.00 -0.01 -0.05  0.01  0.10
of6 -0.05 -0.02 -0.01 -0.02  0.02  0.34 -0.03 -0.05  0.03 -0.02 -0.05  0.03  0.02  0.01  0.08 -0.02 -0.01 -0.04 -0.02  0.07  0.09  0.01  0.00
cf1 -0.02 -0.02  0.02  0.02  0.03 -0.03  0.25  0.00 -0.04  0.02  0.03  0.01  0.00 -0.02  0.00 -0.01 -0.01  0.04  0.02 -0.01 -0.03 -0.02  0.00
cf2  0.03  0.06  0.02  0.02 -0.03 -0.05  0.00  0.49  0.02 -0.04  0.05  0.07 -0.01  0.01 -0.04  0.01  0.05  0.04 -0.01 -0.06 -0.04 -0.01  0.01
cf3  0.04 -0.01 -0.03 -0.01  0.01  0.03 -0.04  0.02  0.30  0.11 -0.02 -0.07 -0.01 -0.04 -0.03  0.00 -0.02 -0.01 -0.01  0.03 -0.02  0.09  0.01
cf4  0.06 -0.01 -0.07  0.00  0.08 -0.02  0.02 -0.04  0.11  0.50  0.03 -0.05 -0.06 -0.01 -0.07  0.04  0.01  0.04  0.00  0.01 -0.08  0.02  0.00
cf5  0.01  0.04  0.01  0.03 -0.02 -0.05  0.03  0.05 -0.02  0.03  0.19 -0.01  0.03 -0.02 -0.03  0.01  0.00  0.00 -0.03 -0.02 -0.01 -0.03  0.00
cf6 -0.03 -0.01  0.02 -0.05  0.01  0.03  0.01  0.07 -0.07 -0.05 -0.01  0.25  0.01  0.05  0.03  0.00  0.05  0.02 -0.02 -0.04  0.02 -0.01 -0.01
ef1 -0.01  0.01  0.05 -0.01 -0.06  0.02  0.00 -0.01 -0.01 -0.06  0.03  0.01  0.18  0.06  0.04 -0.03 -0.03 -0.02 -0.01  0.04  0.06 -0.06  0.00
ef2 -0.03 -0.01 -0.01 -0.02  0.00  0.01 -0.02  0.01 -0.04 -0.01 -0.02  0.05  0.06  0.30  0.02  0.00  0.05  0.01 -0.02  0.05  0.03 -0.01  0.01
ef3 -0.05 -0.03  0.04 -0.03 -0.04  0.08  0.00 -0.04 -0.03 -0.07 -0.03  0.03  0.04  0.02  0.29 -0.04 -0.04 -0.03  0.02  0.10  0.11 -0.03 -0.10
ef4  0.01  0.01 -0.04  0.08  0.06 -0.02 -0.01  0.01  0.00  0.04  0.01  0.00 -0.03  0.00 -0.04  0.23  0.01 -0.02  0.00 -0.07 -0.02  0.03  0.06
ef5  0.03  0.05 -0.01 -0.01 -0.03 -0.01 -0.01  0.05 -0.02  0.01  0.00  0.05 -0.03  0.05 -0.04  0.01  0.27  0.06 -0.02 -0.06 -0.03  0.01 -0.03
ef6  0.01  0.01  0.01 -0.04  0.02 -0.04  0.04  0.04 -0.01  0.04  0.00  0.02 -0.02  0.01 -0.03 -0.02  0.06  0.25  0.01 -0.04 -0.08  0.02 -0.01
af1  0.01 -0.02  0.03 -0.01  0.00 -0.02  0.02 -0.01 -0.01  0.00 -0.03 -0.02 -0.01 -0.02  0.02  0.00 -0.02  0.01  0.30  0.08  0.00  0.02 -0.05
af2 -0.09  0.00  0.01 -0.03 -0.01  0.07 -0.01 -0.06  0.03  0.01 -0.02 -0.04  0.04  0.05  0.10 -0.07 -0.06 -0.04  0.08  0.90 -0.02 -0.03  0.04
af3 -0.04 -0.03  0.02  0.02 -0.05  0.09 -0.03 -0.04 -0.02 -0.08 -0.01  0.02  0.06  0.03  0.11 -0.02 -0.03 -0.08  0.00 -0.02  0.45  0.02 -0.02
af4  0.04 -0.01  0.00 -0.01  0.01  0.01 -0.02 -0.01  0.09  0.02 -0.03 -0.01 -0.06 -0.01 -0.03  0.03  0.01  0.02  0.02 -0.03  0.02  0.29  0.03
af5 -0.05  0.05 -0.12  0.02  0.10  0.00  0.00  0.01  0.01  0.00  0.00 -0.01  0.00  0.01 -0.10  0.06 -0.03 -0.01 -0.05  0.04 -0.02  0.03  0.55
af6 -0.03  0.00  0.08  0.01 -0.07  0.03  0.00 -0.02 -0.01 -0.04  0.01 -0.01  0.04 -0.04  0.03 -0.01 -0.02 -0.04  0.00  0.02  0.10 -0.04 -0.02
nf1  0.04  0.01 -0.03  0.00  0.05 -0.06  0.00  0.02  0.03  0.11 -0.02  0.00 -0.04  0.00 -0.08  0.02  0.03  0.04  0.00 -0.05 -0.06  0.01  0.01
nf2 -0.07  0.02  0.08 -0.06 -0.07  0.05 -0.01  0.00 -0.01 -0.11 -0.03  0.03  0.05  0.04  0.15 -0.02 -0.02 -0.05 -0.05  0.08  0.08 -0.01 -0.01
nf3 -0.02  0.01  0.07  0.03 -0.03  0.02  0.01 -0.03 -0.04 -0.03  0.02  0.00  0.03  0.02  0.00 -0.02  0.00 -0.11  0.02  0.01  0.03 -0.03 -0.04
nf4  0.02  0.00 -0.04 -0.04  0.06 -0.03 -0.01  0.07 -0.03  0.05  0.01  0.01 -0.05  0.01 -0.03  0.02  0.04  0.08 -0.03 -0.07 -0.04  0.04  0.07
nf5  0.02 -0.02 -0.06  0.02  0.05  0.01  0.01 -0.03  0.06  0.05 -0.02 -0.09 -0.04 -0.05 -0.03  0.03 -0.01  0.02 -0.01  0.02 -0.03  0.03  0.06
nf6 -0.02 -0.02  0.01 -0.01  0.01  0.00  0.03 -0.03 -0.01  0.00  0.01  0.00  0.00 -0.01  0.01 -0.01 -0.02  0.04  0.03  0.05 -0.05 -0.04  0.03
      af6   nf1   nf2   nf3   nf4   nf5   nf6
of1 -0.03  0.04 -0.07 -0.02  0.02  0.02 -0.02
of2  0.00  0.01  0.02  0.01  0.00 -0.02 -0.02
of3  0.08 -0.03  0.08  0.07 -0.04 -0.06  0.01
of4  0.01  0.00 -0.06  0.03 -0.04  0.02 -0.01
of5 -0.07  0.05 -0.07 -0.03  0.06  0.05  0.01
of6  0.03 -0.06  0.05  0.02 -0.03  0.01  0.00
cf1  0.00  0.00 -0.01  0.01 -0.01  0.01  0.03
cf2 -0.02  0.02  0.00 -0.03  0.07 -0.03 -0.03
cf3 -0.01  0.03 -0.01 -0.04 -0.03  0.06 -0.01
cf4 -0.04  0.11 -0.11 -0.03  0.05  0.05  0.00
cf5  0.01 -0.02 -0.03  0.02  0.01 -0.02  0.01
cf6 -0.01  0.00  0.03  0.00  0.01 -0.09  0.00
ef1  0.04 -0.04  0.05  0.03 -0.05 -0.04  0.00
ef2 -0.04  0.00  0.04  0.02  0.01 -0.05 -0.01
ef3  0.03 -0.08  0.15  0.00 -0.03 -0.03  0.01
ef4 -0.01  0.02 -0.02 -0.02  0.02  0.03 -0.01
ef5 -0.02  0.03 -0.02  0.00  0.04 -0.01 -0.02
ef6 -0.04  0.04 -0.05 -0.11  0.08  0.02  0.04
af1  0.00  0.00 -0.05  0.02 -0.03 -0.01  0.03
af2  0.02 -0.05  0.08  0.01 -0.07  0.02  0.05
af3  0.10 -0.06  0.08  0.03 -0.04 -0.03 -0.05
af4 -0.04  0.01 -0.01 -0.03  0.04  0.03 -0.04
af5 -0.02  0.01 -0.01 -0.04  0.07  0.06  0.03
af6  0.17 -0.05  0.02  0.04 -0.07 -0.02 -0.01
nf1 -0.05  0.24 -0.06 -0.06  0.09  0.02  0.03
nf2  0.02 -0.06  0.43  0.04 -0.04 -0.02 -0.02
nf3  0.04 -0.06  0.04  0.28 -0.06 -0.05  0.00
nf4 -0.07  0.09 -0.04 -0.06  0.43  0.06  0.03
nf5 -0.02  0.02 -0.02 -0.05  0.06  0.25  0.01
nf6 -0.01  0.03 -0.02  0.00  0.03  0.01  0.09
[1] "Eigenvalues:"
 [1]  6.35  5.58  3.51  2.51  1.98  0.81  0.37  0.26  0.23  0.20  0.12  0.09  0.05  0.00 -0.01 -0.03 -0.04 -0.06 -0.08 -0.09 -0.11 -0.13 -0.15
[24] -0.16 -0.17 -0.19 -0.19 -0.23 -0.24 -0.26
