[1] "Analyzation  v4.1"
[1] ""
[1] "Using facets:"
 [1] "of5" "of6" "cf1" "cf2" "cf3" "cf4" "cf5" "ef1" "ef2" "ef4" "ef5" "ef6" "af1" "af6" "nf1" "nf4" "nf6"
[1] ""
[1] "Correlation Matrix:"
      of5   of6   cf1   cf2   cf3   cf4   cf5   ef1   ef2   ef4   ef5   ef6   af1   af6   nf1   nf4   nf6
of5  1.00  0.57  0.27  0.03 -0.39  0.00 -0.22  0.02 -0.13 -0.29  0.11  0.26  0.20 -0.01 -0.19  0.44 -0.06
of6  0.57  1.00  0.44  0.13 -0.12  0.31 -0.02  0.35  0.15  0.02  0.17  0.35  0.22  0.32  0.08  0.27  0.11
cf1  0.27  0.44  1.00  0.67  0.33  0.73  0.60  0.00  0.00  0.35  0.20  0.34  0.27 -0.13  0.03  0.18 -0.14
cf2  0.03  0.13  0.67  1.00  0.43  0.49  0.74 -0.16 -0.13  0.21  0.04  0.05  0.00 -0.22  0.02 -0.01 -0.19
cf3 -0.39 -0.12  0.33  0.43  1.00  0.64  0.69 -0.15 -0.10  0.30 -0.19 -0.23 -0.10 -0.11  0.29  0.06  0.15
cf4  0.00  0.31  0.73  0.49  0.64  1.00  0.59 -0.12 -0.12  0.27 -0.01  0.01  0.06 -0.08  0.35  0.23  0.09
cf5 -0.22 -0.02  0.60  0.74  0.69  0.59  1.00 -0.16 -0.16  0.28 -0.15 -0.04 -0.01 -0.19 -0.01 -0.06 -0.12
ef1  0.02  0.35  0.00 -0.16 -0.15 -0.12 -0.16  1.00  0.75  0.20  0.15  0.56  0.62  0.84  0.04  0.03  0.33
ef2 -0.13  0.15  0.00 -0.13 -0.10 -0.12 -0.16  0.75  1.00  0.38  0.38  0.53  0.63  0.66  0.05  0.05  0.24
ef4 -0.29  0.02  0.35  0.21  0.30  0.27  0.28  0.20  0.38  1.00  0.40  0.41  0.17  0.06  0.00 -0.16 -0.10
ef5  0.11  0.17  0.20  0.04 -0.19 -0.01 -0.15  0.15  0.38  0.40  1.00  0.58  0.23  0.05 -0.19 -0.12 -0.18
ef6  0.26  0.35  0.34  0.05 -0.23  0.01 -0.04  0.56  0.53  0.41  0.58  1.00  0.61  0.29 -0.43 -0.11 -0.26
af1  0.20  0.22  0.27  0.00 -0.10  0.06 -0.01  0.62  0.63  0.17  0.23  0.61  1.00  0.46 -0.19  0.11  0.10
af6 -0.01  0.32 -0.13 -0.22 -0.11 -0.08 -0.19  0.84  0.66  0.06  0.05  0.29  0.46  1.00  0.26  0.28  0.59
nf1 -0.19  0.08  0.03  0.02  0.29  0.35 -0.01  0.04  0.05  0.00 -0.19 -0.43 -0.19  0.26  1.00  0.39  0.74
nf4  0.44  0.27  0.18 -0.01  0.06  0.23 -0.06  0.03  0.05 -0.16 -0.12 -0.11  0.11  0.28  0.39  1.00  0.53
nf6 -0.06  0.11 -0.14 -0.19  0.15  0.09 -0.12  0.33  0.24 -0.10 -0.18 -0.26  0.10  0.59  0.74  0.53  1.00
Factor Analysis using method =  pa
Call: fa(r = data_temp, nfactors = 5, rotate = "varimax", residuals = TRUE, 
    fm = "pa")
Standardized loadings (pattern matrix) based upon correlation matrix
      PA2   PA1   PA3   PA4   PA5   h2    u2 com
of5 -0.11 -0.03 -0.11  0.97 -0.05 0.97 0.034 1.1
of6  0.15  0.26  0.11  0.61  0.12 0.49 0.505 1.7
cf1  0.79  0.04 -0.04  0.42  0.30 0.90 0.102 1.9
cf2  0.73 -0.09 -0.12  0.09  0.04 0.57 0.430 1.1
cf3  0.71 -0.08  0.25 -0.32 -0.06 0.68 0.322 1.7
cf4  0.77 -0.09  0.29  0.17  0.14 0.74 0.259 1.5
cf5  0.92 -0.02 -0.13 -0.17 -0.15 0.91 0.086 1.2
ef1 -0.10  0.94  0.08  0.05  0.07 0.91 0.092 1.1
ef2 -0.11  0.78  0.10 -0.10  0.37 0.78 0.225 1.5
ef4  0.34  0.21 -0.02 -0.25  0.59 0.57 0.430 2.3
ef5 -0.07  0.15 -0.16  0.11  0.70 0.56 0.442 1.3
ef6  0.05  0.57 -0.40  0.28  0.55 0.87 0.134 3.3
af1  0.07  0.67 -0.11  0.22  0.17 0.55 0.454 1.4
af6 -0.16  0.82  0.38  0.06 -0.07 0.85 0.145 1.5
nf1  0.11 -0.05  0.87 -0.07 -0.03 0.79 0.215 1.1
nf4  0.05  0.06  0.51  0.45 -0.13 0.49 0.508 2.2
nf6 -0.08  0.29  0.85  0.02 -0.18 0.86 0.145 1.4

                       PA2  PA1  PA3  PA4  PA5
SS loadings           3.35 3.21 2.32 2.08 1.52
Proportion Var        0.20 0.19 0.14 0.12 0.09
Cumulative Var        0.20 0.39 0.52 0.64 0.73
Proportion Explained  0.27 0.26 0.19 0.17 0.12
Cumulative Proportion 0.27 0.53 0.71 0.88 1.00

Mean item complexity =  1.6
Test of the hypothesis that 5 factors are sufficient.

df null model =  136  with the objective function =  14.52 with Chi Square =  617
df of  the model are 61  and the objective function was  2.33 

The root mean square of the residuals (RMSR) is  0.03 
The df corrected root mean square of the residuals is  0.05 

The harmonic n.obs is  50 with the empirical chi square  13.49  with prob <  1 
The total n.obs was  50  with Likelihood Chi Square =  91.25  with prob <  0.0073 

Tucker Lewis Index of factoring reliability =  0.844
RMSEA index =  0.098  and the 90 % confidence intervals are  0.053 0.142
BIC =  -147.38
Fit based upon off diagonal values = 0.99[1] "Residuals:"
      of5   of6   cf1   cf2   cf3   cf4   cf5   ef1   ef2   ef4   ef5   ef6   af1   af6   nf1   nf4   nf6
of5  0.03  0.02 -0.04  0.01  0.02 -0.04  0.02 -0.01  0.01  0.02  0.01  0.00  0.01 -0.03 -0.01  0.06  0.00
of6  0.02  0.51  0.01 -0.01 -0.03  0.06 -0.02  0.07 -0.03 -0.01  0.00  0.00 -0.10  0.06  0.02 -0.07 -0.04
cf1 -0.04  0.01  0.10  0.04 -0.06  0.02 -0.02  0.01 -0.01  0.00 -0.02 -0.02  0.04 -0.03  0.01  0.01  0.00
cf2  0.01 -0.01  0.04  0.43 -0.03 -0.07  0.07  0.00  0.03 -0.03  0.05 -0.02 -0.03  0.01  0.04 -0.02  0.00
cf3  0.02 -0.03 -0.06 -0.03  0.32  0.07  0.01  0.00  0.00  0.04 -0.02  0.01  0.01 -0.02 -0.04  0.04  0.01
cf4 -0.04  0.06  0.02 -0.07  0.07  0.26 -0.04  0.00 -0.04 -0.01 -0.02  0.01  0.04  0.00  0.02 -0.01 -0.05
cf5  0.02 -0.02 -0.02  0.07  0.01 -0.04  0.09 -0.02  0.00  0.02  0.02  0.01 -0.02  0.02 -0.02  0.01  0.04
ef1 -0.01  0.07  0.01  0.00  0.00  0.00 -0.02  0.09 -0.02  0.01 -0.03  0.00 -0.02  0.02  0.04 -0.08 -0.01
ef2  0.01 -0.03 -0.01  0.03  0.00 -0.04  0.00 -0.02  0.22  0.01  0.02 -0.04  0.08 -0.01  0.02  0.04 -0.02
ef4  0.02 -0.01  0.00 -0.03  0.04 -0.01  0.02  0.01  0.01  0.43  0.01  0.01 -0.04  0.00 -0.01  0.01  0.00
ef5  0.01  0.00 -0.02  0.05 -0.02 -0.02  0.02 -0.03  0.02  0.01  0.44  0.02 -0.03  0.02 -0.01 -0.01  0.03
ef6  0.00  0.00 -0.02 -0.02  0.01  0.01  0.01  0.00 -0.04  0.01  0.02  0.13  0.03  0.00 -0.02  0.01  0.01
af1  0.01 -0.10  0.04 -0.03  0.01  0.04 -0.02 -0.02  0.08 -0.04 -0.03  0.03  0.45 -0.05 -0.04  0.05  0.03
af6 -0.03  0.06 -0.03  0.01 -0.02  0.00  0.02  0.02 -0.01  0.00  0.02  0.00 -0.05  0.15 -0.01  0.01  0.00
nf1 -0.01  0.02  0.01  0.04 -0.04  0.02 -0.02  0.04  0.02 -0.01 -0.01 -0.02 -0.04 -0.01  0.21 -0.04  0.01
nf4  0.06 -0.07  0.01 -0.02  0.04 -0.01  0.01 -0.08  0.04  0.01 -0.01  0.01  0.05  0.01 -0.04  0.51  0.05
nf6  0.00 -0.04  0.00  0.00  0.01 -0.05  0.04 -0.01 -0.02  0.00  0.03  0.01  0.03  0.00  0.01  0.05  0.14
[1] "Eigenvalues:"
 [1]  3.83  3.42  2.60  1.90  0.73  0.29  0.21  0.15  0.06  0.04  0.01 -0.05 -0.08 -0.12 -0.13 -0.17 -0.21
