[1] "Analyzation  v5.0"
[1] ""
[1] "Using facets:"
 [1] "of3b" "of1"  "of2"  "of5"  "cf2b" "cf3b" "cf3"  "cf5"  "ef2"  "ef3b"
[11] "ef4"  "ef5"  "af1b" "af1"  "af3"  "af6"  "nf1"  "nf4"  "nf6" 
[1] ""
[1] "Correlation Matrix:"
      of3b   of1   of2   of5  cf2b  cf3b   cf3   cf5   ef2  ef3b   ef4   ef5
of3b  1.00  0.78  0.71  0.68 -0.07 -0.14 -0.26 -0.11 -0.11  0.22  0.02  0.17
of1   0.78  1.00  0.62  0.56 -0.13 -0.15 -0.24 -0.19  0.00  0.18  0.05  0.28
of2   0.71  0.62  1.00  0.51 -0.08 -0.18 -0.29 -0.12  0.00  0.27  0.11  0.34
of5   0.68  0.56  0.51  1.00  0.19  0.15  0.02  0.16 -0.18  0.10  0.02 -0.02
cf2b -0.07 -0.13 -0.08  0.19  1.00  0.79  0.61  0.82  0.11  0.24  0.36 -0.07
cf3b -0.14 -0.15 -0.18  0.15  0.79  1.00  0.84  0.80  0.06 -0.02  0.17 -0.30
cf3  -0.26 -0.24 -0.29  0.02  0.61  0.84  1.00  0.69  0.04 -0.08  0.13 -0.26
cf5  -0.11 -0.19 -0.12  0.16  0.82  0.80  0.69  1.00  0.02  0.13  0.26 -0.18
ef2  -0.11  0.00  0.00 -0.18  0.11  0.06  0.04  0.02  1.00  0.49  0.60  0.58
ef3b  0.22  0.18  0.27  0.10  0.24 -0.02 -0.08  0.13  0.49  1.00  0.78  0.65
ef4   0.02  0.05  0.11  0.02  0.36  0.17  0.13  0.26  0.60  0.78  1.00  0.64
ef5   0.17  0.28  0.34 -0.02 -0.07 -0.30 -0.26 -0.18  0.58  0.65  0.64  1.00
af1b  0.07  0.09  0.02  0.17  0.30  0.46  0.36  0.28  0.32  0.04  0.08 -0.11
af1  -0.01  0.03 -0.02  0.04  0.32  0.43  0.36  0.27  0.43  0.14  0.24  0.10
af3   0.07  0.10  0.00  0.17  0.29  0.47  0.39  0.31  0.31  0.09  0.13 -0.07
af6   0.15  0.22  0.08  0.21  0.26  0.41  0.32  0.25  0.28  0.01  0.06 -0.08
nf1  -0.11 -0.01 -0.23  0.00 -0.06  0.08  0.18 -0.09 -0.14 -0.30 -0.21 -0.27
nf4   0.11  0.14 -0.02  0.12 -0.11 -0.03 -0.01 -0.14 -0.07 -0.14 -0.21 -0.15
nf6   0.04  0.12 -0.10  0.08 -0.05  0.06  0.07 -0.09 -0.08 -0.25 -0.19 -0.23
      af1b   af1   af3   af6   nf1   nf4   nf6
of3b  0.07 -0.01  0.07  0.15 -0.11  0.11  0.04
of1   0.09  0.03  0.10  0.22 -0.01  0.14  0.12
of2   0.02 -0.02  0.00  0.08 -0.23 -0.02 -0.10
of5   0.17  0.04  0.17  0.21  0.00  0.12  0.08
cf2b  0.30  0.32  0.29  0.26 -0.06 -0.11 -0.05
cf3b  0.46  0.43  0.47  0.41  0.08 -0.03  0.06
cf3   0.36  0.36  0.39  0.32  0.18 -0.01  0.07
cf5   0.28  0.27  0.31  0.25 -0.09 -0.14 -0.09
ef2   0.32  0.43  0.31  0.28 -0.14 -0.07 -0.08
ef3b  0.04  0.14  0.09  0.01 -0.30 -0.14 -0.25
ef4   0.08  0.24  0.13  0.06 -0.21 -0.21 -0.19
ef5  -0.11  0.10 -0.07 -0.08 -0.27 -0.15 -0.23
af1b  1.00  0.58  0.89  0.87  0.11  0.20  0.30
af1   0.58  1.00  0.52  0.58 -0.16 -0.07  0.00
af3   0.89  0.52  1.00  0.76  0.06  0.14  0.20
af6   0.87  0.58  0.76  1.00  0.22  0.27  0.45
nf1   0.11 -0.16  0.06  0.22  1.00  0.69  0.83
nf4   0.20 -0.07  0.14  0.27  0.69  1.00  0.72
nf6   0.30  0.00  0.20  0.45  0.83  0.72  1.00
Factor Analysis using method =  pa
Call: fa(r = data_facets, nfactors = 5, rotate = "varimax", residuals = TRUE, 
    fm = "pa")
Standardized loadings (pattern matrix) based upon correlation matrix
       PA1   PA4   PA3   PA2   PA5   h2    u2 com
of3b -0.10  0.03  0.94  0.04  0.01 0.89 0.106 1.0
of1  -0.17  0.09  0.79  0.11  0.10 0.68 0.317 1.2
of2  -0.15  0.01  0.74  0.16 -0.12 0.61 0.386 1.2
of5   0.20  0.06  0.75 -0.07  0.06 0.62 0.379 1.2
cf2b  0.85  0.14  0.02  0.16 -0.06 0.78 0.225 1.1
cf3b  0.89  0.33 -0.06 -0.07  0.02 0.92 0.079 1.3
cf3   0.75  0.26 -0.21 -0.07  0.08 0.69 0.310 1.5
cf5   0.89  0.13 -0.02  0.03 -0.11 0.81 0.186 1.1
ef2  -0.06  0.39 -0.17  0.70 -0.05 0.68 0.319 1.7
ef3b  0.09  0.00  0.20  0.79 -0.15 0.70 0.300 1.2
ef4   0.26  0.04  0.02  0.87 -0.10 0.84 0.157 1.2
ef5  -0.24 -0.04  0.16  0.81 -0.14 0.76 0.242 1.3
af1b  0.19  0.93  0.07  0.00  0.14 0.93 0.067 1.1
af1   0.23  0.63 -0.03  0.19 -0.12 0.50 0.499 1.5
af3   0.23  0.83  0.07  0.04  0.08 0.75 0.254 1.2
af6   0.17  0.85  0.16  0.01  0.28 0.86 0.145 1.4
nf1   0.05 -0.03 -0.11 -0.16  0.93 0.90 0.098 1.1
nf4  -0.09  0.10  0.10 -0.09  0.75 0.60 0.400 1.1
nf6  -0.03  0.20  0.03 -0.13  0.90 0.86 0.135 1.1

                       PA1  PA4  PA3  PA2  PA5
SS loadings           3.30 3.11 2.82 2.71 2.45
Proportion Var        0.17 0.16 0.15 0.14 0.13
Cumulative Var        0.17 0.34 0.49 0.63 0.76
Proportion Explained  0.23 0.22 0.20 0.19 0.17
Cumulative Proportion 0.23 0.45 0.64 0.83 1.00

Mean item complexity =  1.3
Test of the hypothesis that 5 factors are sufficient.

df null model =  171  with the objective function =  16.98 with Chi Square =  4106.89
df of  the model are 86  and the objective function was  1.4 

The root mean square of the residuals (RMSR) is  0.02 
The df corrected root mean square of the residuals is  0.03 

The harmonic n.obs is  250 with the empirical chi square  35.8  with prob <  1 
The total n.obs was  250  with Likelihood Chi Square =  333.23  with prob <  8.5e-31 

Tucker Lewis Index of factoring reliability =  0.873
RMSEA index =  0.107  and the 90 % confidence intervals are  0.095 0.12
BIC =  -141.62
Fit based upon off diagonal values = 1
Measures of factor score adequacy             
                                                   PA1  PA4  PA3  PA2  PA5
Correlation of (regression) scores with factors   0.97 0.98 0.96 0.96 0.97
Multiple R square of scores with factors          0.95 0.95 0.93 0.92 0.94
Minimum correlation of possible factor scores     0.90 0.91 0.86 0.83 0.88
[1] "Residuals:"
      of3b   of1   of2   of5  cf2b  cf3b   cf3   cf5   ef2  ef3b   ef4   ef5
of3b  0.11  0.02 -0.01  0.00 -0.01  0.01  0.00  0.00  0.01  0.02  0.00 -0.03
of1   0.02  0.32  0.00  0.00 -0.02  0.03  0.04 -0.03  0.01 -0.04 -0.01  0.04
of2  -0.01  0.00  0.39  0.00  0.00  0.01  0.00  0.01  0.00 -0.01 -0.02  0.04
of5   0.00  0.00  0.00  0.38  0.01 -0.02 -0.01  0.00 -0.01  0.00  0.02 -0.01
cf2b -0.01 -0.02  0.00  0.01  0.22  0.00 -0.05  0.04 -0.01  0.02 -0.01  0.00
cf3b  0.01  0.03  0.01 -0.02  0.00  0.08  0.06 -0.03  0.03 -0.02 -0.01  0.00
cf3   0.00  0.04  0.00 -0.01 -0.05  0.06  0.31  0.00  0.00 -0.04  0.00  0.03
cf5   0.00 -0.03  0.01  0.00  0.04 -0.03  0.00  0.19 -0.01  0.01 -0.01  0.00
ef2   0.01  0.01  0.00 -0.01 -0.01  0.03  0.00 -0.01  0.32 -0.03 -0.01  0.04
ef3b  0.02 -0.04 -0.01  0.00  0.02 -0.02 -0.04  0.01 -0.03  0.30  0.05 -0.02
ef4   0.00 -0.01 -0.02  0.02 -0.01 -0.01  0.00 -0.01 -0.01  0.05  0.16 -0.02
ef5  -0.03  0.04  0.04 -0.01  0.00  0.00  0.03  0.00  0.04 -0.02 -0.02  0.24
af1b -0.01 -0.04  0.01  0.01  0.02 -0.02 -0.03  0.00 -0.02  0.03  0.01 -0.02
af1   0.02  0.02 -0.01  0.00  0.00  0.03  0.04 -0.03  0.05 -0.04 -0.02  0.02
af3   0.00 -0.01 -0.02  0.02 -0.02 -0.01  0.01  0.00 -0.01  0.03  0.01 -0.02
af6  -0.02  0.02  0.02 -0.01  0.01 -0.02 -0.01  0.02 -0.01 -0.01  0.00  0.00
nf1   0.00  0.02  0.00  0.01 -0.02  0.01  0.04 -0.02  0.01 -0.02  0.01  0.01
nf4   0.01 -0.03  0.00  0.01  0.01  0.00 -0.02  0.01  0.01  0.04 -0.04  0.00
nf6   0.00  0.00  0.00 -0.01  0.02 -0.01 -0.03  0.01 -0.01 -0.02  0.01  0.00
      af1b   af1   af3   af6   nf1   nf4   nf6
of3b -0.01  0.02  0.00 -0.02  0.00  0.01  0.00
of1  -0.04  0.02 -0.01  0.02  0.02 -0.03  0.00
of2   0.01 -0.01 -0.02  0.02  0.00  0.00  0.00
of5   0.01  0.00  0.02 -0.01  0.01  0.01 -0.01
cf2b  0.02  0.00 -0.02  0.01 -0.02  0.01  0.02
cf3b -0.02  0.03 -0.01 -0.02  0.01  0.00 -0.01
cf3  -0.03  0.04  0.01 -0.01  0.04 -0.02 -0.03
cf5   0.00 -0.03  0.00  0.02 -0.02  0.01  0.01
ef2  -0.02  0.05 -0.01 -0.01  0.01  0.01 -0.01
ef3b  0.03 -0.04  0.03 -0.01 -0.02  0.04 -0.02
ef4   0.01 -0.02  0.01  0.00  0.01 -0.04  0.01
ef5  -0.02  0.02 -0.02  0.00  0.01  0.00  0.00
af1b  0.07 -0.04  0.06  0.00  0.00  0.01 -0.01
af1  -0.04  0.50 -0.05  0.04 -0.02 -0.01  0.01
af3   0.06 -0.05  0.25 -0.02  0.00  0.02 -0.03
af6   0.00  0.04 -0.02  0.14  0.00 -0.02  0.03
nf1   0.00 -0.02  0.00  0.00  0.10  0.00 -0.01
nf4   0.01 -0.01  0.02 -0.02  0.00  0.40  0.01
nf6  -0.01  0.01 -0.03  0.03 -0.01  0.01  0.14
[1] "Eigenvalues:"
 [1]  4.66  3.47  3.05  1.92  1.29  0.26  0.14  0.07  0.06  0.02  0.00 -0.02
[13] -0.02 -0.03 -0.05 -0.09 -0.10 -0.10 -0.13
