[1] "Analyzation  v5.1"
[1] ""
[1] "Using facets:"
 [1] "of3b" "of1"  "of2"  "of5"  "cf2b" "cf3b" "cf3"  "cf5"  "ef2"  "ef3b" "ef4" 
[12] "ef5"  "af1b" "af1"  "af3"  "af6"  "nf1"  "nf4"  "nf6" 
[1] ""
[1] "Correlation Matrix:"
      of3b   of1   of2   of5  cf2b  cf3b   cf3   cf5   ef2  ef3b   ef4   ef5
of3b  1.00  0.71  0.68  0.76  0.00 -0.20 -0.25 -0.08 -0.12  0.25  0.06  0.25
of1   0.71  1.00  0.49  0.36 -0.24 -0.36 -0.36 -0.28  0.01  0.22  0.04  0.41
of2   0.68  0.49  1.00  0.50  0.03 -0.14 -0.17 -0.01 -0.02  0.24  0.12  0.25
of5   0.76  0.36  0.50  1.00  0.26  0.11  0.04  0.19 -0.20  0.16  0.08  0.03
cf2b  0.00 -0.24  0.03  0.26  1.00  0.78  0.70  0.84  0.05  0.29  0.46 -0.07
cf3b -0.20 -0.36 -0.14  0.11  0.78  1.00  0.94  0.83  0.01  0.03  0.26 -0.27
cf3  -0.25 -0.36 -0.17  0.04  0.70  0.94  1.00  0.77  0.00 -0.01  0.23 -0.28
cf5  -0.08 -0.28 -0.01  0.19  0.84  0.83  0.77  1.00 -0.02  0.16  0.33 -0.17
ef2  -0.12  0.01 -0.02 -0.20  0.05  0.01  0.00 -0.02  1.00  0.48  0.59  0.55
ef3b  0.25  0.22  0.24  0.16  0.29  0.03 -0.01  0.16  0.48  1.00  0.86  0.70
ef4   0.06  0.04  0.12  0.08  0.46  0.26  0.23  0.33  0.59  0.86  1.00  0.60
ef5   0.25  0.41  0.25  0.03 -0.07 -0.27 -0.28 -0.17  0.55  0.70  0.60  1.00
af1b  0.14  0.02  0.19  0.28  0.30  0.39  0.41  0.32  0.16  0.04  0.14 -0.15
af1  -0.02 -0.10  0.04  0.06  0.36  0.41  0.42  0.35  0.33  0.14  0.28  0.01
af3   0.08 -0.06  0.13  0.22  0.36  0.47  0.48  0.38  0.14  0.05  0.16 -0.18
af6   0.22  0.21  0.24  0.26  0.18  0.27  0.30  0.19  0.12  0.02  0.08 -0.13
nf1  -0.05  0.07 -0.14  0.04 -0.13  0.03  0.08 -0.14 -0.18 -0.22 -0.20 -0.26
nf4   0.11  0.14  0.03  0.15 -0.12 -0.07 -0.02 -0.14 -0.15 -0.12 -0.16 -0.15
nf6   0.16  0.23  0.05  0.18 -0.04  0.02  0.07 -0.06 -0.03 -0.10 -0.07 -0.14
      af1b   af1   af3   af6   nf1   nf4   nf6
of3b  0.14 -0.02  0.08  0.22 -0.05  0.11  0.16
of1   0.02 -0.10 -0.06  0.21  0.07  0.14  0.23
of2   0.19  0.04  0.13  0.24 -0.14  0.03  0.05
of5   0.28  0.06  0.22  0.26  0.04  0.15  0.18
cf2b  0.30  0.36  0.36  0.18 -0.13 -0.12 -0.04
cf3b  0.39  0.41  0.47  0.27  0.03 -0.07  0.02
cf3   0.41  0.42  0.48  0.30  0.08 -0.02  0.07
cf5   0.32  0.35  0.38  0.19 -0.14 -0.14 -0.06
ef2   0.16  0.33  0.14  0.12 -0.18 -0.15 -0.03
ef3b  0.04  0.14  0.05  0.02 -0.22 -0.12 -0.10
ef4   0.14  0.28  0.16  0.08 -0.20 -0.16 -0.07
ef5  -0.15  0.01 -0.18 -0.13 -0.26 -0.15 -0.14
af1b  1.00  0.51  0.86  0.82  0.12  0.16  0.43
af1   0.51  1.00  0.51  0.45 -0.24 -0.22  0.03
af3   0.86  0.51  1.00  0.65  0.02  0.06  0.27
af6   0.82  0.45  0.65  1.00  0.29  0.28  0.63
nf1   0.12 -0.24  0.02  0.29  1.00  0.72  0.74
nf4   0.16 -0.22  0.06  0.28  0.72  1.00  0.73
nf6   0.43  0.03  0.27  0.63  0.74  0.73  1.00
Factor Analysis using method =  pa
Call: fa(r = data_facets, nfactors = 5, rotate = "varimax", residuals = TRUE, 
    fm = "pa")
Standardized loadings (pattern matrix) based upon correlation matrix
       PA1   PA5   PA3   PA2   PA4   h2      u2 com
of3b -0.09  0.04  0.05  1.00  0.03 1.01 -0.0099 1.0
of1  -0.33  0.01  0.18  0.64  0.14 0.57  0.4275 1.8
of2  -0.07  0.13  0.11  0.68 -0.06 0.50  0.4963 1.2
of5   0.21  0.10 -0.05  0.75  0.09 0.63  0.3704 1.2
cf2b  0.87  0.13  0.17  0.08 -0.08 0.81  0.1888 1.2
cf3b  0.90  0.27 -0.03 -0.14  0.01 0.91  0.0943 1.2
cf3   0.84  0.30 -0.05 -0.20  0.06 0.83  0.1651 1.4
cf5   0.89  0.16  0.03  0.02 -0.11 0.82  0.1765 1.1
ef2  -0.10  0.26  0.69 -0.20 -0.10 0.60  0.3952 1.6
ef3b  0.14 -0.03  0.84  0.24 -0.08 0.80  0.2025 1.2
ef4   0.33  0.07  0.89  0.05 -0.06 0.91  0.0880 1.3
ef5  -0.23 -0.13  0.79  0.21 -0.13 0.76  0.2403 1.4
af1b  0.21  0.90  0.00  0.14  0.17 0.91  0.0947 1.2
af1   0.27  0.60  0.17 -0.04 -0.21 0.50  0.4966 1.9
af3   0.31  0.78 -0.01  0.08  0.05 0.71  0.2883 1.3
af6   0.09  0.80  0.01  0.20  0.36 0.82  0.1832 1.6
nf1  -0.01 -0.02 -0.16 -0.07  0.88 0.81  0.1889 1.1
nf4  -0.06  0.01 -0.10  0.09  0.80 0.67  0.3300 1.1
nf6  -0.06  0.34 -0.03  0.11  0.86 0.87  0.1308 1.4

                       PA1  PA5  PA3  PA2  PA4
SS loadings           3.64 2.85 2.76 2.74 2.46
Proportion Var        0.19 0.15 0.15 0.14 0.13
Cumulative Var        0.19 0.34 0.49 0.63 0.76
Proportion Explained  0.25 0.20 0.19 0.19 0.17
Cumulative Proportion 0.25 0.45 0.64 0.83 1.00

Mean item complexity =  1.3
Test of the hypothesis that 5 factors are sufficient.

df null model =  171  with the objective function =  17.96 with Chi Square =  6551.33
df of  the model are 86  and the objective function was  1.83 

The root mean square of the residuals (RMSR) is  0.02 
The df corrected root mean square of the residuals is  0.03 

The harmonic n.obs is  373 with the empirical chi square  59.16  with prob <  0.99 
The total n.obs was  373  with Likelihood Chi Square =  662.58  with prob <  7.6e-90 

Tucker Lewis Index of factoring reliability =  0.819
RMSEA index =  0.134  and the 90 % confidence intervals are  0.125 0.144
BIC =  153.33
Fit based upon off diagonal values = 1[1] "Residuals:"
      of3b   of1   of2   of5  cf2b  cf3b   cf3   cf5   ef2  ef3b   ef4   ef5
of3b -0.01  0.03 -0.02  0.03 -0.01  0.02  0.02 -0.02  0.03 -0.01  0.00 -0.01
of1   0.03  0.43  0.01 -0.05 -0.02  0.03  0.04  0.01 -0.01 -0.02 -0.04  0.07
of2  -0.02  0.01  0.50  0.00  0.00 -0.01  0.00  0.01 -0.01 -0.01  0.01  0.01
of5   0.03 -0.05  0.00  0.37  0.01 -0.01 -0.02 -0.02 -0.01  0.01  0.02 -0.02
cf2b -0.01 -0.02  0.00  0.01  0.19 -0.02 -0.03  0.03 -0.01  0.00  0.01 -0.01
cf3b  0.02  0.03 -0.01 -0.01 -0.02  0.09  0.08 -0.01  0.02 -0.03 -0.02  0.03
cf3   0.02  0.04  0.00 -0.02 -0.03  0.08  0.17  0.00  0.00 -0.03 -0.02  0.04
cf5  -0.02  0.01  0.01 -0.02  0.03 -0.01  0.00  0.18 -0.01  0.00 -0.01  0.01
ef2   0.03 -0.01 -0.01 -0.01 -0.01  0.02  0.00 -0.01  0.40 -0.04  0.00  0.04
ef3b -0.01 -0.02 -0.01  0.01  0.00 -0.03 -0.03  0.00 -0.04  0.20  0.04 -0.01
ef4   0.00 -0.04  0.01  0.02  0.01 -0.02 -0.02 -0.01  0.00  0.04  0.09 -0.03
ef5  -0.01  0.07  0.01 -0.02 -0.01  0.03  0.04  0.01  0.04 -0.01 -0.03  0.24
af1b -0.02 -0.03  0.00  0.02  0.00 -0.02 -0.02  0.00 -0.01  0.02  0.01  0.00
af1   0.03  0.01 -0.02  0.01  0.01  0.01  0.03 -0.01  0.05 -0.02 -0.01 -0.01
af3   0.00 -0.02  0.00  0.01 -0.01 -0.01  0.00 -0.01 -0.01  0.03  0.01 -0.02
af6  -0.02  0.05  0.02 -0.03  0.00  0.00  0.01  0.02 -0.01  0.00  0.00 -0.01
nf1   0.01  0.01 -0.01  0.01 -0.01  0.02  0.02 -0.02  0.00  0.00  0.01  0.00
nf4   0.00 -0.04  0.02  0.02  0.00 -0.02  0.00  0.00  0.01  0.01 -0.01  0.00
nf6   0.00  0.02 -0.02 -0.01  0.02 -0.01 -0.01  0.02  0.00 -0.02  0.00  0.00
      af1b   af1   af3   af6   nf1   nf4   nf6
of3b -0.02  0.03  0.00 -0.02  0.01  0.00  0.00
of1  -0.03  0.01 -0.02  0.05  0.01 -0.04  0.02
of2   0.00 -0.02  0.00  0.02 -0.01  0.02 -0.02
of5   0.02  0.01  0.01 -0.03  0.01  0.02 -0.01
cf2b  0.00  0.01 -0.01  0.00 -0.01  0.00  0.02
cf3b -0.02  0.01 -0.01  0.00  0.02 -0.02 -0.01
cf3  -0.02  0.03  0.00  0.01  0.02  0.00 -0.01
cf5   0.00 -0.01 -0.01  0.02 -0.02  0.00  0.02
ef2  -0.01  0.05 -0.01 -0.01  0.00  0.01  0.00
ef3b  0.02 -0.02  0.03  0.00  0.00  0.01 -0.02
ef4   0.01 -0.01  0.01  0.00  0.01 -0.01  0.00
ef5   0.00 -0.01 -0.02 -0.01  0.00  0.00  0.00
af1b  0.09 -0.04  0.07 -0.01  0.00  0.02 -0.03
af1  -0.04  0.50 -0.03  0.04 -0.02 -0.02  0.03
af3   0.07 -0.03  0.29 -0.04  0.00  0.02 -0.03
af6  -0.01  0.04 -0.04  0.18  0.00 -0.03  0.04
nf1   0.00 -0.02  0.00  0.00  0.19  0.00 -0.01
nf4   0.02 -0.02  0.02 -0.03  0.00  0.33  0.01
nf6  -0.03  0.03 -0.03  0.04 -0.01  0.01  0.13
[1] "Eigenvalues:"
 [1]  4.79  3.34  3.29  1.74  1.30  0.27  0.14  0.11  0.06  0.01  0.00 -0.02
[13] -0.04 -0.05 -0.06 -0.08 -0.10 -0.11 -0.13
