[1] "Analyzation  v5.1nano"
[1] ""
[1] "Using facets:"
 [1] "of3b" "of1"  "of2"  "of5"  "cf2b" "cf3b" "cf3"  "cf5"  "ef2"  "ef3b" "ef4"  "ef5"  "af1b" "af1"  "af3"  "af6"  "nf1"  "nf4"  "nf6" 
[1] ""
[1] "Correlation Matrix:"
      of3b   of1   of2   of5  cf2b  cf3b   cf3   cf5   ef2  ef3b   ef4   ef5 af1b   af1  af3   af6   nf1   nf4   nf6
of3b  1.00  0.77  0.78  0.75  0.15 -0.19 -0.19  0.03 -0.12  0.28  0.25  0.29 0.09  0.02 0.12  0.24 -0.01  0.26  0.20
of1   0.77  1.00  0.60  0.50 -0.04 -0.28 -0.28 -0.09 -0.04  0.20  0.14  0.39 0.06 -0.01 0.04  0.19  0.07  0.22  0.21
of2   0.78  0.60  1.00  0.62  0.15 -0.13 -0.14  0.09 -0.09  0.24  0.21  0.27 0.12  0.09 0.11  0.21 -0.15  0.12  0.07
of5   0.75  0.50  0.62  1.00  0.42  0.23  0.22  0.34 -0.14  0.24  0.25  0.14 0.22  0.18 0.29  0.31  0.01  0.22  0.22
cf2b  0.15 -0.04  0.15  0.42  1.00  0.63  0.62  0.79  0.00  0.35  0.46  0.03 0.16  0.29 0.24  0.15 -0.07 -0.07  0.02
cf3b -0.19 -0.28 -0.13  0.23  0.63  1.00  0.96  0.73  0.06  0.07  0.22 -0.14 0.31  0.39 0.36  0.25  0.12 -0.08  0.11
cf3  -0.19 -0.28 -0.14  0.22  0.62  0.96  1.00  0.74  0.00  0.03  0.19 -0.18 0.27  0.35 0.33  0.21  0.09 -0.10  0.07
cf5   0.03 -0.09  0.09  0.34  0.79  0.73  0.74  1.00 -0.05  0.17  0.29 -0.10 0.26  0.34 0.30  0.26 -0.05 -0.10  0.09
ef2  -0.12 -0.04 -0.09 -0.14  0.00  0.06  0.00 -0.05  1.00  0.44  0.51  0.58 0.31  0.32 0.26  0.10 -0.04 -0.09  0.02
ef3b  0.28  0.20  0.24  0.24  0.35  0.07  0.03  0.17  0.44  1.00  0.89  0.63 0.14  0.24 0.18  0.00 -0.17 -0.07 -0.11
ef4   0.25  0.14  0.21  0.25  0.46  0.22  0.19  0.29  0.51  0.89  1.00  0.60 0.17  0.28 0.20  0.05 -0.10 -0.06 -0.04
ef5   0.29  0.39  0.27  0.14  0.03 -0.14 -0.18 -0.10  0.58  0.63  0.60  1.00 0.06  0.11 0.05 -0.07 -0.13 -0.03 -0.06
af1b  0.09  0.06  0.12  0.22  0.16  0.31  0.27  0.26  0.31  0.14  0.17  0.06 1.00  0.59 0.88  0.78  0.15  0.11  0.45
af1   0.02 -0.01  0.09  0.18  0.29  0.39  0.35  0.34  0.32  0.24  0.28  0.11 0.59  1.00 0.57  0.49 -0.04 -0.09  0.23
af3   0.12  0.04  0.11  0.29  0.24  0.36  0.33  0.30  0.26  0.18  0.20  0.05 0.88  0.57 1.00  0.62  0.05  0.04  0.31
af6   0.24  0.19  0.21  0.31  0.15  0.25  0.21  0.26  0.10  0.00  0.05 -0.07 0.78  0.49 0.62  1.00  0.43  0.37  0.73
nf1  -0.01  0.07 -0.15  0.01 -0.07  0.12  0.09 -0.05 -0.04 -0.17 -0.10 -0.13 0.15 -0.04 0.05  0.43  1.00  0.68  0.73
nf4   0.26  0.22  0.12  0.22 -0.07 -0.08 -0.10 -0.10 -0.09 -0.07 -0.06 -0.03 0.11 -0.09 0.04  0.37  0.68  1.00  0.71
nf6   0.20  0.21  0.07  0.22  0.02  0.11  0.07  0.09  0.02 -0.11 -0.04 -0.06 0.45  0.23 0.31  0.73  0.73  0.71  1.00
[1] "Correlation Matrix:"
      of3b   of1   of2   of5  cf2b  cf3b   cf3   cf5   ef2  ef3b   ef4   ef5 af1b   af1  af3   af6   nf1   nf4   nf6
of3b  1.00  0.77  0.78  0.75  0.15 -0.19 -0.19  0.03 -0.12  0.28  0.25  0.29 0.09  0.02 0.12  0.24 -0.01  0.26  0.20
of1   0.77  1.00  0.60  0.50 -0.04 -0.28 -0.28 -0.09 -0.04  0.20  0.14  0.39 0.06 -0.01 0.04  0.19  0.07  0.22  0.21
of2   0.78  0.60  1.00  0.62  0.15 -0.13 -0.14  0.09 -0.09  0.24  0.21  0.27 0.12  0.09 0.11  0.21 -0.15  0.12  0.07
of5   0.75  0.50  0.62  1.00  0.42  0.23  0.22  0.34 -0.14  0.24  0.25  0.14 0.22  0.18 0.29  0.31  0.01  0.22  0.22
cf2b  0.15 -0.04  0.15  0.42  1.00  0.63  0.62  0.79  0.00  0.35  0.46  0.03 0.16  0.29 0.24  0.15 -0.07 -0.07  0.02
cf3b -0.19 -0.28 -0.13  0.23  0.63  1.00  0.96  0.73  0.06  0.07  0.22 -0.14 0.31  0.39 0.36  0.25  0.12 -0.08  0.11
cf3  -0.19 -0.28 -0.14  0.22  0.62  0.96  1.00  0.74  0.00  0.03  0.19 -0.18 0.27  0.35 0.33  0.21  0.09 -0.10  0.07
cf5   0.03 -0.09  0.09  0.34  0.79  0.73  0.74  1.00 -0.05  0.17  0.29 -0.10 0.26  0.34 0.30  0.26 -0.05 -0.10  0.09
ef2  -0.12 -0.04 -0.09 -0.14  0.00  0.06  0.00 -0.05  1.00  0.44  0.51  0.58 0.31  0.32 0.26  0.10 -0.04 -0.09  0.02
ef3b  0.28  0.20  0.24  0.24  0.35  0.07  0.03  0.17  0.44  1.00  0.89  0.63 0.14  0.24 0.18  0.00 -0.17 -0.07 -0.11
ef4   0.25  0.14  0.21  0.25  0.46  0.22  0.19  0.29  0.51  0.89  1.00  0.60 0.17  0.28 0.20  0.05 -0.10 -0.06 -0.04
ef5   0.29  0.39  0.27  0.14  0.03 -0.14 -0.18 -0.10  0.58  0.63  0.60  1.00 0.06  0.11 0.05 -0.07 -0.13 -0.03 -0.06
af1b  0.09  0.06  0.12  0.22  0.16  0.31  0.27  0.26  0.31  0.14  0.17  0.06 1.00  0.59 0.88  0.78  0.15  0.11  0.45
af1   0.02 -0.01  0.09  0.18  0.29  0.39  0.35  0.34  0.32  0.24  0.28  0.11 0.59  1.00 0.57  0.49 -0.04 -0.09  0.23
af3   0.12  0.04  0.11  0.29  0.24  0.36  0.33  0.30  0.26  0.18  0.20  0.05 0.88  0.57 1.00  0.62  0.05  0.04  0.31
af6   0.24  0.19  0.21  0.31  0.15  0.25  0.21  0.26  0.10  0.00  0.05 -0.07 0.78  0.49 0.62  1.00  0.43  0.37  0.73
nf1  -0.01  0.07 -0.15  0.01 -0.07  0.12  0.09 -0.05 -0.04 -0.17 -0.10 -0.13 0.15 -0.04 0.05  0.43  1.00  0.68  0.73
nf4   0.26  0.22  0.12  0.22 -0.07 -0.08 -0.10 -0.10 -0.09 -0.07 -0.06 -0.03 0.11 -0.09 0.04  0.37  0.68  1.00  0.71
nf6   0.20  0.21  0.07  0.22  0.02  0.11  0.07  0.09  0.02 -0.11 -0.04 -0.06 0.45  0.23 0.31  0.73  0.73  0.71  1.00
Factor Analysis using method =  pa
Call: fa(r = data_facets, nfactors = 5, rotate = "varimax", residuals = TRUE, 
    fm = "pa")
Standardized loadings (pattern matrix) based upon correlation matrix
       PA5   PA2   PA1   PA4   PA3   h2    u2 com
of3b -0.05  0.97  0.03  0.11  0.10 0.96 0.038 1.1
of1  -0.21  0.73  0.02  0.15  0.15 0.62 0.377 1.3
of2  -0.01  0.80  0.09  0.09 -0.06 0.66 0.336 1.1
of5   0.34  0.76  0.14  0.03  0.09 0.73 0.275 1.5
cf2b  0.79  0.19  0.06  0.19 -0.05 0.71 0.294 1.2
cf3b  0.88 -0.18  0.23  0.00  0.06 0.86 0.135 1.2
cf3   0.89 -0.17  0.19 -0.05  0.02 0.86 0.140 1.2
cf5   0.85  0.10  0.17  0.01 -0.05 0.76 0.238 1.1
ef2  -0.10 -0.22  0.30  0.67 -0.02 0.60 0.405 1.7
ef3b  0.16  0.22  0.04  0.83 -0.10 0.77 0.226 1.2
ef4   0.30  0.16  0.05  0.88 -0.04 0.89 0.108 1.3
ef5  -0.17  0.22  0.01  0.76 -0.06 0.65 0.346 1.3
af1b  0.10  0.05  0.96  0.09  0.14 0.97 0.033 1.1
af1   0.27  0.01  0.61  0.20 -0.03 0.49 0.507 1.6
af3   0.21  0.09  0.82  0.09  0.03 0.74 0.261 1.2
af6   0.13  0.20  0.73 -0.06  0.47 0.81 0.193 2.0
nf1   0.02 -0.10  0.03 -0.08  0.88 0.79 0.214 1.0
nf4  -0.08  0.19 -0.01 -0.04  0.79 0.67 0.331 1.2
nf6   0.02  0.12  0.36 -0.07  0.85 0.88 0.121 1.4

                       PA5  PA2  PA1  PA4  PA3
SS loadings           3.38 3.08 2.89 2.63 2.43
Proportion Var        0.18 0.16 0.15 0.14 0.13
Cumulative Var        0.18 0.34 0.49 0.63 0.76
Proportion Explained  0.23 0.21 0.20 0.18 0.17
Cumulative Proportion 0.23 0.45 0.65 0.83 1.00

Mean item complexity =  1.3
Test of the hypothesis that 5 factors are sufficient.

df null model =  171  with the objective function =  18.35 with Chi Square =  4437.18
df of  the model are 86  and the objective function was  2.41 

The root mean square of the residuals (RMSR) is  0.03 
The df corrected root mean square of the residuals is  0.04 

The harmonic n.obs is  250 with the empirical chi square  58.56  with prob <  0.99 
The total n.obs was  250  with Likelihood Chi Square =  574.25  with prob <  2.9e-73 

Tucker Lewis Index of factoring reliability =  0.769
RMSEA index =  0.151  and the 90 % confidence intervals are  0.139 0.163
BIC =  99.4
Fit based upon off diagonal values = 0.99
Measures of factor score adequacy             
                                                   PA5  PA2  PA1  PA4  PA3
Correlation of (regression) scores with factors   0.97 0.99 0.99 0.96 0.96
Multiple R square of scores with factors          0.94 0.97 0.97 0.92 0.92
Minimum correlation of possible factor scores     0.88 0.94 0.95 0.85 0.83
[1] "Residuals:"
      of3b   of1   of2   of5  cf2b  cf3b   cf3   cf5   ef2  ef3b   ef4   ef5  af1b   af1   af3   af6   nf1   nf4   nf6
of3b  0.04  0.02 -0.01  0.01 -0.01  0.01  0.02 -0.02  0.01 -0.01  0.01 -0.01  0.00 -0.01  0.01 -0.01  0.01 -0.01 -0.01
of1   0.02  0.38  0.01 -0.01 -0.03  0.02  0.03  0.02  0.00 -0.04 -0.04  0.09 -0.01  0.01 -0.01  0.00  0.03 -0.05  0.01
of2  -0.01  0.01  0.34  0.00 -0.01  0.01  0.00  0.01  0.00 -0.01  0.00  0.02  0.00  0.02 -0.03  0.02 -0.02  0.01  0.00
of5   0.01 -0.01  0.00  0.27  0.00  0.03  0.02 -0.04  0.00  0.00 -0.01  0.00 -0.01 -0.01  0.04 -0.02 -0.01  0.03 -0.01
cf2b -0.01 -0.03 -0.01  0.00  0.29 -0.05 -0.06  0.09 -0.02  0.02  0.02 -0.03  0.00  0.00  0.00  0.01 -0.02  0.01  0.01
cf3b  0.01  0.02  0.01  0.03 -0.05  0.14  0.10 -0.03  0.04 -0.04 -0.03  0.05 -0.01  0.01  0.00 -0.02  0.03 -0.01 -0.02
cf3   0.02  0.03  0.00  0.02 -0.06  0.10  0.14 -0.03  0.02 -0.03 -0.02  0.05  0.00  0.00  0.00 -0.02  0.02 -0.01 -0.02
cf5  -0.02  0.02  0.01 -0.04  0.09 -0.03 -0.03  0.24 -0.01 -0.01  0.00  0.00  0.01  0.00 -0.02  0.03 -0.02 -0.01  0.03
ef2   0.01  0.00  0.00  0.00 -0.02  0.04  0.02 -0.01  0.40 -0.07 -0.03  0.10 -0.01  0.03 -0.01  0.00  0.00  0.00  0.00
ef3b -0.01 -0.04 -0.01  0.00  0.02 -0.04 -0.03 -0.01 -0.07  0.23  0.07 -0.03  0.01  0.00  0.02  0.01  0.00  0.02 -0.01
ef4   0.01 -0.04  0.00 -0.01  0.02 -0.03 -0.02  0.00 -0.03  0.07  0.11 -0.05  0.01 -0.01  0.00  0.02  0.00  0.00  0.00
ef5  -0.01  0.09  0.02  0.00 -0.03  0.05  0.05  0.00  0.10 -0.03 -0.05  0.35 -0.01 -0.01 -0.02 -0.03  0.00 -0.01  0.01
af1b  0.00 -0.01  0.00 -0.01  0.00 -0.01  0.00  0.01 -0.01  0.01  0.01 -0.01  0.03 -0.04  0.05  0.00  0.01  0.01 -0.02
af1  -0.01  0.01  0.02 -0.01  0.00  0.01  0.00  0.00  0.03  0.00 -0.01 -0.01 -0.04  0.51 -0.01  0.03 -0.02 -0.03  0.04
af3   0.01 -0.01 -0.03  0.04  0.00  0.00  0.00 -0.02 -0.01  0.02  0.00 -0.02  0.05 -0.01  0.26 -0.03  0.00  0.03 -0.03
af6  -0.01  0.00  0.02 -0.02  0.01 -0.02 -0.02  0.03  0.00  0.01  0.02 -0.03  0.00  0.03 -0.03  0.19  0.00 -0.03  0.03
nf1   0.01  0.03 -0.02 -0.01 -0.02  0.03  0.02 -0.02  0.00  0.00  0.00  0.00  0.01 -0.02  0.00  0.00  0.21  0.00 -0.02
nf4  -0.01 -0.05  0.01  0.03  0.01 -0.01 -0.01 -0.01  0.00  0.02  0.00 -0.01  0.01 -0.03  0.03 -0.03  0.00  0.33  0.02
nf6  -0.01  0.01  0.00 -0.01  0.01 -0.02 -0.02  0.03  0.00 -0.01  0.00  0.01 -0.02  0.04 -0.03  0.03 -0.02  0.02  0.12
[1] "Eigenvalues:"
 [1]  4.83  3.32  2.97  1.99  1.31  0.33  0.20  0.08  0.07  0.02  0.00 -0.03 -0.04 -0.07 -0.08 -0.10 -0.11 -0.11 -0.16
