[1] "Analyzation  v4.1"
[1] ""
[1] "Using facets:"
 [1] "of5" "of6" "cf1" "cf2" "cf3" "cf4" "cf5" "ef1" "ef2" "ef4" "ef5" "ef6" "af1" "af6" "nf1" "nf4" "nf6"
[1] ""
[1] "Correlation Matrix:"
      of5   of6   cf1   cf2   cf3   cf4   cf5   ef1   ef2   ef4   ef5   ef6   af1   af6   nf1   nf4   nf6
of5  1.00  0.50  0.31 -0.04 -0.44 -0.05 -0.27  0.00 -0.15 -0.29  0.12  0.27  0.14 -0.01 -0.11  0.39 -0.04
of6  0.50  1.00  0.44  0.04 -0.26  0.19 -0.13  0.40  0.18  0.04  0.21  0.29  0.25  0.44  0.11  0.25  0.16
cf1  0.31  0.44  1.00  0.50  0.27  0.67  0.51  0.08  0.06  0.39  0.18  0.37  0.22 -0.06  0.11  0.20 -0.06
cf2 -0.04  0.04  0.50  1.00  0.44  0.43  0.68 -0.14 -0.05  0.20 -0.02 -0.01 -0.03 -0.24  0.13 -0.06 -0.09
cf3 -0.44 -0.26  0.27  0.44  1.00  0.68  0.73 -0.23 -0.07  0.32 -0.22 -0.22 -0.15 -0.23  0.34  0.03  0.17
cf4 -0.05  0.19  0.67  0.43  0.68  1.00  0.63 -0.10 -0.07  0.27 -0.01  0.02 -0.01 -0.04  0.43  0.24  0.24
cf5 -0.27 -0.13  0.51  0.68  0.73  0.63  1.00 -0.23 -0.18  0.25 -0.24 -0.10  0.00 -0.28  0.09 -0.09 -0.02
ef1  0.00  0.40  0.08 -0.14 -0.23 -0.10 -0.23  1.00  0.75  0.21  0.22  0.53  0.69  0.83  0.06  0.11  0.31
ef2 -0.15  0.18  0.06 -0.05 -0.07 -0.07 -0.18  0.75  1.00  0.39  0.41  0.48  0.67  0.60  0.10  0.07  0.24
ef4 -0.29  0.04  0.39  0.20  0.32  0.27  0.25  0.21  0.39  1.00  0.36  0.40  0.20  0.06  0.09 -0.04 -0.04
ef5  0.12  0.21  0.18 -0.02 -0.22 -0.01 -0.24  0.22  0.41  0.36  1.00  0.61  0.23  0.16 -0.17 -0.07 -0.22
ef6  0.27  0.29  0.37 -0.01 -0.22  0.02 -0.10  0.53  0.48  0.40  0.61  1.00  0.63  0.28 -0.38 -0.03 -0.25
af1  0.14  0.25  0.22 -0.03 -0.15 -0.01  0.00  0.69  0.67  0.20  0.23  0.63  1.00  0.50 -0.10  0.11  0.18
af6 -0.01  0.44 -0.06 -0.24 -0.23 -0.04 -0.28  0.83  0.60  0.06  0.16  0.28  0.50  1.00  0.20  0.28  0.53
nf1 -0.11  0.11  0.11  0.13  0.34  0.43  0.09  0.06  0.10  0.09 -0.17 -0.38 -0.10  0.20  1.00  0.41  0.76
nf4  0.39  0.25  0.20 -0.06  0.03  0.24 -0.09  0.11  0.07 -0.04 -0.07 -0.03  0.11  0.28  0.41  1.00  0.44
nf6 -0.04  0.16 -0.06 -0.09  0.17  0.24 -0.02  0.31  0.24 -0.04 -0.22 -0.25  0.18  0.53  0.76  0.44  1.00
Factor Analysis using method =  pa
Call: fa(r = data_temp, nfactors = 5, rotate = "varimax", residuals = TRUE, 
    fm = "pa")
Standardized loadings (pattern matrix) based upon correlation matrix
      PA2   PA1   PA3   PA4   PA5   h2      u2 com
of5 -0.13 -0.06 -0.06  0.92 -0.04 0.87  0.1335 1.1
of6  0.04  0.30  0.16  0.60  0.12 0.50  0.5040 1.7
cf1  0.72  0.08  0.01  0.50  0.31 0.87  0.1339 2.2
cf2  0.65 -0.08 -0.05  0.02  0.03 0.44  0.5635 1.0
cf3  0.72 -0.15  0.26 -0.39  0.01 0.76  0.2396 2.0
cf4  0.76 -0.07  0.37  0.12  0.15 0.75  0.2493 1.6
cf5  0.96 -0.04 -0.09 -0.18 -0.20 1.00 -0.0028 1.2
ef1 -0.12  0.93  0.11  0.08  0.12 0.91  0.0939 1.1
ef2 -0.07  0.76  0.12 -0.13  0.38 0.75  0.2484 1.6
ef4  0.35  0.21  0.03 -0.20  0.59 0.55  0.4485 2.2
ef5 -0.10  0.19 -0.16  0.14  0.69 0.57  0.4323 1.4
ef6  0.05  0.53 -0.38  0.30  0.57 0.83  0.1656 3.3
af1  0.06  0.77 -0.09  0.16  0.13 0.64  0.3559 1.2
af6 -0.22  0.77  0.35  0.10  0.01 0.77  0.2291 1.6
nf1  0.17 -0.02  0.88 -0.04 -0.01 0.80  0.1974 1.1
nf4  0.02  0.08  0.49  0.38 -0.04 0.39  0.6084 2.0
nf6  0.00  0.31  0.83 -0.01 -0.22 0.84  0.1622 1.4

                       PA2  PA1  PA3  PA4  PA5
SS loadings           3.21 3.20 2.27 2.01 1.55
Proportion Var        0.19 0.19 0.13 0.12 0.09
Cumulative Var        0.19 0.38 0.51 0.63 0.72
Proportion Explained  0.26 0.26 0.19 0.16 0.13
Cumulative Proportion 0.26 0.52 0.71 0.87 1.00

Mean item complexity =  1.6
Test of the hypothesis that 5 factors are sufficient.

df null model =  136  with the objective function =  14.14 with Chi Square =  600.93
df of  the model are 61  and the objective function was  2.45 

The root mean square of the residuals (RMSR) is  0.03 
The df corrected root mean square of the residuals is  0.05 

The harmonic n.obs is  50 with the empirical chi square  15.1  with prob <  1 
The total n.obs was  50  with Likelihood Chi Square =  95.97  with prob <  0.0028 

Tucker Lewis Index of factoring reliability =  0.813
RMSEA index =  0.105  and the 90 % confidence intervals are  0.064 0.148
BIC =  -142.66
Fit based upon off diagonal values = 0.99[1] "Residuals:"
      of5   of6   cf1   cf2   cf3   cf4   cf5   ef1   ef2   ef4   ef5   ef6   af1   af6   nf1   nf4   nf6
of5  0.13 -0.01 -0.03  0.02  0.02 -0.04  0.01 -0.02  0.02 -0.02  0.01  0.04  0.04 -0.07  0.00  0.07  0.02
of6 -0.01  0.50  0.05  0.03 -0.05  0.03 -0.01  0.05 -0.03  0.01  0.02 -0.06 -0.09  0.10  0.00 -0.07 -0.03
cf1 -0.03  0.05  0.13  0.02 -0.04  0.02 -0.02  0.02  0.00  0.04 -0.04 -0.03  0.00 -0.02  0.00 -0.01 -0.02
cf2  0.02  0.03  0.02  0.56 -0.02 -0.06  0.06  0.01  0.05 -0.02  0.04 -0.05 -0.02 -0.02  0.06 -0.05 -0.02
cf3  0.02 -0.05 -0.04 -0.02  0.24  0.07 -0.01  0.00  0.01  0.01 -0.03  0.03  0.00 -0.01 -0.04  0.05  0.00
cf4 -0.04  0.03  0.02 -0.06  0.07  0.25 -0.01 -0.01 -0.05 -0.05  0.02  0.04 -0.01  0.04 -0.02  0.01 -0.01
cf5  0.01 -0.01 -0.02  0.06 -0.01 -0.01  0.00 -0.03 -0.01  0.01  0.02  0.00  0.02  0.02  0.00 -0.01  0.02
ef1 -0.02  0.05  0.02  0.01  0.00 -0.01 -0.03  0.09 -0.01  0.01 -0.04  0.00 -0.03  0.04  0.02 -0.04 -0.04
ef2  0.02 -0.03  0.00  0.05  0.01 -0.05 -0.01 -0.01  0.25  0.00  0.03 -0.04  0.08 -0.03  0.03  0.02 -0.01
ef4 -0.02  0.01  0.04 -0.02  0.01 -0.05  0.01  0.01  0.00  0.45 -0.02  0.02 -0.02 -0.02  0.01  0.02  0.00
ef5  0.01  0.02 -0.04  0.04 -0.03  0.02  0.02 -0.04  0.03 -0.02  0.43  0.03 -0.03  0.03  0.01 -0.03  0.01
ef6  0.04 -0.06 -0.03 -0.05  0.03  0.04  0.00  0.00 -0.04  0.02  0.03  0.17  0.07 -0.01 -0.03  0.02  0.03
af1  0.04 -0.09  0.00 -0.02  0.00 -0.01  0.02 -0.03  0.08 -0.02 -0.03  0.07  0.36 -0.06 -0.01  0.04  0.05
af6 -0.07  0.10 -0.02 -0.02 -0.01  0.04  0.02  0.04 -0.03 -0.02  0.03 -0.01 -0.06  0.23 -0.05  0.01  0.00
nf1  0.00  0.00  0.00  0.06 -0.04 -0.02  0.00  0.02  0.03  0.01  0.01 -0.03 -0.01 -0.05  0.20 -0.01  0.03
nf4  0.07 -0.07 -0.01 -0.05  0.05  0.01 -0.01 -0.04  0.02  0.02 -0.03  0.02  0.04  0.01 -0.01  0.61  0.01
nf6  0.02 -0.03 -0.02 -0.02  0.00 -0.01  0.02 -0.04 -0.01  0.00  0.01  0.03  0.05  0.00  0.03  0.01  0.16
[1] "Eigenvalues:"
 [1]  4.03  3.36  2.36  1.77  0.71  0.34  0.23  0.12  0.05  0.03  0.01 -0.05 -0.10 -0.12 -0.16 -0.17 -0.19
