[1] "Analyzation  v2.1"
[1] ""
[1] "Using facets:"
 [1] "of1" "of2" "of5" "of6" "cf1" "cf2" "cf3" "cf4" "cf5" "cf6" "ef2" "ef3" "ef4" "ef5" "af1" "af3" "af4" "af6" "nf1" "nf3" "nf4" "nf6"
[1] ""
[1] "Correlation Matrix:"
      of1   of2   of5   of6   cf1   cf2   cf3   cf4   cf5   cf6   ef2   ef3   ef4   ef5   af1   af3   af4   af6   nf1   nf3   nf4   nf6
of1  1.00  0.62  0.56  0.39  0.03 -0.19 -0.24  0.07 -0.19 -0.03  0.00  0.08  0.05  0.28  0.03  0.10 -0.17  0.22 -0.01  0.09  0.14  0.12
of2  0.62  1.00  0.51  0.36  0.15 -0.15 -0.29 -0.01 -0.12 -0.11  0.00  0.24  0.11  0.34 -0.02  0.00 -0.25  0.08 -0.23 -0.07 -0.02 -0.10
of5  0.56  0.51  1.00  0.67  0.30  0.06  0.02  0.29  0.16  0.36 -0.18  0.11  0.02 -0.02  0.04  0.17 -0.03  0.21  0.00  0.05  0.12  0.08
of6  0.39  0.36  0.67  1.00  0.37  0.14  0.27  0.35  0.35  0.51  0.04  0.20  0.09  0.00  0.29  0.56  0.20  0.56 -0.01  0.08  0.11  0.19
cf1  0.03  0.15  0.30  0.37  1.00  0.43  0.38  0.51  0.69  0.39  0.18  0.42  0.44  0.14  0.32  0.24  0.06  0.11 -0.37 -0.44 -0.34 -0.36
cf2 -0.19 -0.15  0.06  0.14  0.43  1.00  0.59  0.31  0.64  0.56 -0.03 -0.08  0.06 -0.22  0.21  0.16  0.27  0.09  0.03 -0.18 -0.07 -0.09
cf3 -0.24 -0.29  0.02  0.27  0.38  0.59  1.00  0.58  0.69  0.52  0.04 -0.13  0.13 -0.26  0.36  0.39  0.56  0.32  0.18 -0.13 -0.01  0.07
cf4  0.07 -0.01  0.29  0.35  0.51  0.31  0.58  1.00  0.58  0.38  0.12  0.13  0.39  0.06  0.19  0.20  0.23  0.21  0.17 -0.09  0.04  0.09
cf5 -0.19 -0.12  0.16  0.35  0.69  0.64  0.69  0.58  1.00  0.58  0.02  0.17  0.26 -0.18  0.27  0.31  0.28  0.25 -0.09 -0.21 -0.14 -0.09
cf6 -0.03 -0.11  0.36  0.51  0.39  0.56  0.52  0.38  0.58  1.00 -0.17 -0.10 -0.16 -0.40  0.18  0.36  0.36  0.35  0.23  0.10  0.15  0.21
ef2  0.00  0.00 -0.18  0.04  0.18 -0.03  0.04  0.12  0.02 -0.17  1.00  0.16  0.60  0.58  0.43  0.31  0.21  0.28 -0.14 -0.28 -0.07 -0.08
ef3  0.08  0.24  0.11  0.20  0.42 -0.08 -0.13  0.13  0.17 -0.10  0.16  1.00  0.45  0.38 -0.15 -0.01 -0.51 -0.25 -0.43 -0.27 -0.39 -0.38
ef4  0.05  0.11  0.02  0.09  0.44  0.06  0.13  0.39  0.26 -0.16  0.60  0.45  1.00  0.64  0.24  0.13 -0.03  0.06 -0.21 -0.37 -0.21 -0.19
ef5  0.28  0.34 -0.02  0.00  0.14 -0.22 -0.26  0.06 -0.18 -0.40  0.58  0.38  0.64  1.00  0.10 -0.07 -0.23 -0.08 -0.27 -0.30 -0.15 -0.23
af1  0.03 -0.02  0.04  0.29  0.32  0.21  0.36  0.19  0.27  0.18  0.43 -0.15  0.24  0.10  1.00  0.52  0.59  0.58 -0.16 -0.31 -0.07  0.00
af3  0.10  0.00  0.17  0.56  0.24  0.16  0.39  0.20  0.31  0.36  0.31 -0.01  0.13 -0.07  0.52  1.00  0.56  0.76  0.06  0.00  0.14  0.20
af4 -0.17 -0.25 -0.03  0.20  0.06  0.27  0.56  0.23  0.28  0.36  0.21 -0.51 -0.03 -0.23  0.59  0.56  1.00  0.58  0.26 -0.02  0.27  0.27
af6  0.22  0.08  0.21  0.56  0.11  0.09  0.32  0.21  0.25  0.35  0.28 -0.25  0.06 -0.08  0.58  0.76  0.58  1.00  0.22  0.18  0.27  0.45
nf1 -0.01 -0.23  0.00 -0.01 -0.37  0.03  0.18  0.17 -0.09  0.23 -0.14 -0.43 -0.21 -0.27 -0.16  0.06  0.26  0.22  1.00  0.59  0.69  0.83
nf3  0.09 -0.07  0.05  0.08 -0.44 -0.18 -0.13 -0.09 -0.21  0.10 -0.28 -0.27 -0.37 -0.30 -0.31  0.00 -0.02  0.18  0.59  1.00  0.47  0.70
nf4  0.14 -0.02  0.12  0.11 -0.34 -0.07 -0.01  0.04 -0.14  0.15 -0.07 -0.39 -0.21 -0.15 -0.07  0.14  0.27  0.27  0.69  0.47  1.00  0.72
nf6  0.12 -0.10  0.08  0.19 -0.36 -0.09  0.07  0.09 -0.09  0.21 -0.08 -0.38 -0.19 -0.23  0.00  0.20  0.27  0.45  0.83  0.70  0.72  1.00
Factor Analysis using method =  pa
Call: fa(r = data_facets, nfactors = 5, rotate = "varimax", residuals = TRUE, 
    fm = "pa")
Standardized loadings (pattern matrix) based upon correlation matrix
      PA1   PA2   PA5   PA3   PA4   h2   u2 com
of1 -0.18  0.10  0.03  0.72  0.11 0.58 0.42 1.2
of2 -0.17 -0.13 -0.06  0.70  0.13 0.56 0.44 1.3
of5  0.24  0.05  0.02  0.79 -0.11 0.70 0.30 1.2
of6  0.36  0.07  0.36  0.70 -0.02 0.76 0.24 2.1
cf1  0.66 -0.43  0.07  0.24  0.24 0.75 0.25 2.4
cf2  0.65 -0.10  0.12 -0.13 -0.13 0.49 0.51 1.3
cf3  0.75  0.05  0.35 -0.21 -0.04 0.73 0.27 1.6
cf4  0.67  0.13  0.06  0.14  0.27 0.56 0.44 1.5
cf5  0.88 -0.16  0.14  0.00  0.03 0.83 0.17 1.1
cf6  0.68  0.15  0.23  0.18 -0.33 0.67 0.33 2.0
ef2 -0.07 -0.10  0.40 -0.11  0.70 0.68 0.32 1.7
ef3  0.13 -0.38 -0.33  0.27  0.39 0.49 0.51 4.0
ef4  0.23 -0.17  0.03  0.04  0.86 0.82 0.18 1.2
ef5 -0.23 -0.18 -0.05  0.18  0.78 0.74 0.26 1.4
af1  0.16 -0.18  0.75  0.00  0.18 0.66 0.34 1.3
af3  0.24  0.07  0.71  0.20  0.06 0.61 0.39 1.4
af4  0.26  0.20  0.76 -0.23 -0.10 0.75 0.25 1.6
af6  0.14  0.28  0.80  0.26  0.04 0.81 0.19 1.6
nf1  0.11  0.92  0.00 -0.13 -0.08 0.89 0.11 1.1
nf3 -0.14  0.68 -0.09  0.09 -0.26 0.56 0.44 1.4
nf4 -0.06  0.73  0.13  0.07 -0.08 0.57 0.43 1.1
nf6  0.00  0.92  0.18  0.07 -0.06 0.90 0.10 1.1

                       PA1  PA2  PA5  PA3  PA4
SS loadings           3.70 3.38 2.98 2.61 2.42
Proportion Var        0.17 0.15 0.14 0.12 0.11
Cumulative Var        0.17 0.32 0.46 0.58 0.69
Proportion Explained  0.25 0.22 0.20 0.17 0.16
Cumulative Proportion 0.25 0.47 0.67 0.84 1.00

Mean item complexity =  1.6
Test of the hypothesis that 5 factors are sufficient.

df null model =  231  with the objective function =  17.18 with Chi Square =  4138.06
df of  the model are 131  and the objective function was  2.4 

The root mean square of the residuals (RMSR) is  0.04 
The df corrected root mean square of the residuals is  0.05 

The harmonic n.obs is  250 with the empirical chi square  142.98  with prob <  0.22 
The total n.obs was  250  with Likelihood Chi Square =  570.92  with prob <  3.2e-56 

Tucker Lewis Index of factoring reliability =  0.799
RMSEA index =  0.116  and the 90 % confidence intervals are  0.106 0.126
BIC =  -152.4
Fit based upon off diagonal values = 0.99
Measures of factor score adequacy             
                                                   PA1  PA2  PA5  PA3  PA4
Correlation of (regression) scores with factors   0.96 0.98 0.95 0.94 0.95
Multiple R square of scores with factors          0.93 0.95 0.90 0.89 0.90
Minimum correlation of possible factor scores     0.86 0.90 0.81 0.78 0.79
[1] "Residuals:"
      of1   of2   of5   of6   cf1   cf2   cf3   cf4   cf5   cf6   ef2   ef3   ef4   ef5   af1   af3   af4   af6   nf1   nf3   nf4   nf6
of1  0.42  0.08  0.04 -0.06 -0.01  0.04  0.04  0.05 -0.02 -0.02 -0.02 -0.08 -0.01  0.04  0.03 -0.04  0.00  0.00  0.02 -0.03  0.01 -0.02
of2  0.08  0.44  0.02 -0.04  0.01  0.06  0.02  0.00  0.02 -0.04 -0.02 -0.05 -0.01  0.04  0.01 -0.06  0.03  0.00  0.01 -0.04  0.03 -0.01
of5  0.04  0.02  0.30  0.02  0.00  0.00 -0.01  0.04 -0.04  0.01 -0.01 -0.07  0.03 -0.01  0.02 -0.05  0.05 -0.06  0.02 -0.05  0.03 -0.03
of6 -0.06 -0.04  0.02  0.24 -0.04 -0.05  0.01 -0.02 -0.01  0.04  0.01  0.11 -0.01  0.00 -0.02  0.08 -0.02  0.01 -0.02  0.05 -0.02  0.01
cf1 -0.01  0.01  0.00 -0.04  0.25  0.00 -0.06  0.01  0.02  0.02  0.00  0.03 -0.01 -0.01  0.04  0.00  0.00  0.00  0.00 -0.01  0.01  0.02
cf2  0.04  0.06  0.00 -0.05  0.00  0.51  0.03 -0.07  0.03  0.08  0.03 -0.08  0.00  0.04  0.01 -0.05 -0.01 -0.03  0.02 -0.04  0.03 -0.01
cf3  0.04  0.02 -0.01  0.01 -0.06  0.03  0.27  0.09 -0.01 -0.05 -0.04 -0.03 -0.01  0.01  0.00  0.00  0.04 -0.02  0.02 -0.02 -0.04 -0.02
cf4  0.05  0.00  0.04 -0.02  0.01 -0.07  0.09  0.44 -0.01 -0.04 -0.03 -0.04  0.02  0.00  0.01 -0.06  0.04 -0.01  0.02 -0.02 -0.01 -0.03
cf5 -0.02  0.02 -0.04 -0.01  0.02  0.03 -0.01 -0.01  0.17 -0.02 -0.01  0.03  0.00 -0.01 -0.01  0.01 -0.03  0.05 -0.04  0.03  0.01  0.03
cf6 -0.02 -0.04  0.01  0.04  0.02  0.08 -0.05 -0.04 -0.02  0.33  0.05  0.02 -0.03  0.02 -0.02  0.01 -0.01 -0.01  0.01  0.01  0.02  0.00
ef2 -0.02 -0.02 -0.01  0.01  0.00  0.03 -0.04 -0.03 -0.01  0.05  0.32  0.02 -0.01  0.04  0.00  0.02 -0.01  0.00  0.01  0.01  0.01 -0.01
ef3 -0.08 -0.05 -0.07  0.11  0.03 -0.08 -0.03 -0.04  0.03  0.02  0.02  0.51  0.02 -0.03 -0.06  0.14 -0.12  0.01 -0.03  0.06 -0.05  0.04
ef4 -0.01 -0.01  0.03 -0.01 -0.01  0.00 -0.01  0.02  0.00 -0.03 -0.01  0.02  0.18 -0.01  0.00  0.01  0.01  0.01  0.00  0.00 -0.01  0.01
ef5  0.04  0.04 -0.01  0.00 -0.01  0.04  0.01  0.00 -0.01  0.02  0.04 -0.03 -0.01  0.26  0.00 -0.05  0.02 -0.03  0.01 -0.03  0.03 -0.02
af1  0.03  0.01  0.02 -0.02  0.04  0.01  0.00  0.01 -0.01 -0.02  0.00 -0.06  0.00  0.00  0.34 -0.05  0.02  0.00  0.00 -0.05 -0.01  0.04
af3 -0.04 -0.06 -0.05  0.08  0.00 -0.05  0.00 -0.06  0.01  0.01  0.02  0.14  0.01 -0.05 -0.05  0.39 -0.02  0.08 -0.01  0.05  0.00 -0.01
af4  0.00  0.03  0.05 -0.02  0.00 -0.01  0.04  0.04 -0.03 -0.01 -0.01 -0.12  0.01  0.02  0.02 -0.02  0.25 -0.06  0.01 -0.06  0.05 -0.04
af6  0.00  0.00 -0.06  0.01  0.00 -0.03 -0.02 -0.01  0.05 -0.01  0.00  0.01  0.01 -0.03  0.00  0.08 -0.06  0.19 -0.02  0.07 -0.05  0.03
nf1  0.02  0.01  0.02 -0.02  0.00  0.02  0.02  0.02 -0.04  0.01  0.01 -0.03  0.00  0.01  0.00 -0.01  0.01 -0.02  0.11 -0.03  0.03 -0.01
nf3 -0.03 -0.04 -0.05  0.05 -0.01 -0.04 -0.02 -0.02  0.03  0.01  0.01  0.06  0.00 -0.03 -0.05  0.05 -0.06  0.07 -0.03  0.44 -0.05  0.06
nf4  0.01  0.03  0.03 -0.02  0.01  0.03 -0.04 -0.01  0.01  0.02  0.01 -0.05 -0.01  0.03 -0.01  0.00  0.05 -0.05  0.03 -0.05  0.43  0.01
nf6 -0.02 -0.01 -0.03  0.01  0.02 -0.01 -0.02 -0.03  0.03  0.00 -0.01  0.04  0.01 -0.02  0.04 -0.01 -0.04  0.03 -0.01  0.06  0.01  0.10
[1] "Eigenvalues:"
 [1]  4.90  4.15  2.64  2.08  1.31  0.55  0.22  0.17  0.11  0.05  0.03  0.02  0.00 -0.05 -0.06 -0.07 -0.11 -0.13 -0.13 -0.16 -0.19 -0.23
