[1] "Analyzation  v2.2"
[1] ""
[1] "Using facets:"
 [1] "of1" "of2" "of5" "of6" "cf2" "cf3" "cf4" "cf5" "cf6" "ef2" "ef4" "ef5" "af1" "af3" "af4" "af6" "nf1" "nf3" "nf4" "nf6"
[1] ""
[1] "Correlation Matrix:"
      of1   of2   of5   of6   cf2   cf3   cf4   cf5   cf6   ef2   ef4   ef5   af1   af3   af4   af6   nf1   nf3   nf4   nf6
of1  1.00  0.62  0.56  0.39 -0.19 -0.24  0.07 -0.19 -0.03  0.00  0.05  0.28  0.03  0.10 -0.17  0.22 -0.01  0.09  0.14  0.12
of2  0.62  1.00  0.51  0.36 -0.15 -0.29 -0.01 -0.12 -0.11  0.00  0.11  0.34 -0.02  0.00 -0.25  0.08 -0.23 -0.07 -0.02 -0.10
of5  0.56  0.51  1.00  0.67  0.06  0.02  0.29  0.16  0.36 -0.18  0.02 -0.02  0.04  0.17 -0.03  0.21  0.00  0.05  0.12  0.08
of6  0.39  0.36  0.67  1.00  0.14  0.27  0.35  0.35  0.51  0.04  0.09  0.00  0.29  0.56  0.20  0.56 -0.01  0.08  0.11  0.19
cf2 -0.19 -0.15  0.06  0.14  1.00  0.59  0.31  0.64  0.56 -0.03  0.06 -0.22  0.21  0.16  0.27  0.09  0.03 -0.18 -0.07 -0.09
cf3 -0.24 -0.29  0.02  0.27  0.59  1.00  0.58  0.69  0.52  0.04  0.13 -0.26  0.36  0.39  0.56  0.32  0.18 -0.13 -0.01  0.07
cf4  0.07 -0.01  0.29  0.35  0.31  0.58  1.00  0.58  0.38  0.12  0.39  0.06  0.19  0.20  0.23  0.21  0.17 -0.09  0.04  0.09
cf5 -0.19 -0.12  0.16  0.35  0.64  0.69  0.58  1.00  0.58  0.02  0.26 -0.18  0.27  0.31  0.28  0.25 -0.09 -0.21 -0.14 -0.09
cf6 -0.03 -0.11  0.36  0.51  0.56  0.52  0.38  0.58  1.00 -0.17 -0.16 -0.40  0.18  0.36  0.36  0.35  0.23  0.10  0.15  0.21
ef2  0.00  0.00 -0.18  0.04 -0.03  0.04  0.12  0.02 -0.17  1.00  0.60  0.58  0.43  0.31  0.21  0.28 -0.14 -0.28 -0.07 -0.08
ef4  0.05  0.11  0.02  0.09  0.06  0.13  0.39  0.26 -0.16  0.60  1.00  0.64  0.24  0.13 -0.03  0.06 -0.21 -0.37 -0.21 -0.19
ef5  0.28  0.34 -0.02  0.00 -0.22 -0.26  0.06 -0.18 -0.40  0.58  0.64  1.00  0.10 -0.07 -0.23 -0.08 -0.27 -0.30 -0.15 -0.23
af1  0.03 -0.02  0.04  0.29  0.21  0.36  0.19  0.27  0.18  0.43  0.24  0.10  1.00  0.52  0.59  0.58 -0.16 -0.31 -0.07  0.00
af3  0.10  0.00  0.17  0.56  0.16  0.39  0.20  0.31  0.36  0.31  0.13 -0.07  0.52  1.00  0.56  0.76  0.06  0.00  0.14  0.20
af4 -0.17 -0.25 -0.03  0.20  0.27  0.56  0.23  0.28  0.36  0.21 -0.03 -0.23  0.59  0.56  1.00  0.58  0.26 -0.02  0.27  0.27
af6  0.22  0.08  0.21  0.56  0.09  0.32  0.21  0.25  0.35  0.28  0.06 -0.08  0.58  0.76  0.58  1.00  0.22  0.18  0.27  0.45
nf1 -0.01 -0.23  0.00 -0.01  0.03  0.18  0.17 -0.09  0.23 -0.14 -0.21 -0.27 -0.16  0.06  0.26  0.22  1.00  0.59  0.69  0.83
nf3  0.09 -0.07  0.05  0.08 -0.18 -0.13 -0.09 -0.21  0.10 -0.28 -0.37 -0.30 -0.31  0.00 -0.02  0.18  0.59  1.00  0.47  0.70
nf4  0.14 -0.02  0.12  0.11 -0.07 -0.01  0.04 -0.14  0.15 -0.07 -0.21 -0.15 -0.07  0.14  0.27  0.27  0.69  0.47  1.00  0.72
nf6  0.12 -0.10  0.08  0.19 -0.09  0.07  0.09 -0.09  0.21 -0.08 -0.19 -0.23  0.00  0.20  0.27  0.45  0.83  0.70  0.72  1.00
Factor Analysis using method =  pa
Call: fa(r = data_facets, nfactors = 5, rotate = "varimax", residuals = TRUE, 
    fm = "pa")
Standardized loadings (pattern matrix) based upon correlation matrix
      PA5   PA2   PA1   PA3   PA4   h2   u2 com
of1 -0.18  0.10  0.03  0.74  0.12 0.60 0.40 1.2
of2 -0.19 -0.12 -0.05  0.71  0.13 0.58 0.42 1.3
of5  0.23  0.05  0.03  0.81 -0.11 0.73 0.27 1.2
of6  0.33  0.07  0.41  0.68 -0.04 0.74 0.26 2.2
cf2  0.67 -0.11  0.11 -0.10 -0.10 0.49 0.51 1.2
cf3  0.78  0.03  0.33 -0.19 -0.01 0.76 0.24 1.5
cf4  0.67  0.12  0.05  0.16  0.29 0.58 0.42 1.6
cf5  0.85 -0.16  0.17  0.01  0.02 0.78 0.22 1.2
cf6  0.66  0.14  0.25  0.17 -0.33 0.66 0.34 2.1
ef2 -0.08 -0.10  0.39 -0.11  0.71 0.68 0.32 1.7
ef4  0.21 -0.18  0.03  0.06  0.83 0.77 0.23 1.2
ef5 -0.24 -0.18 -0.07  0.20  0.80 0.77 0.23 1.4
af1  0.16 -0.18  0.73 -0.01  0.20 0.62 0.38 1.4
af3  0.20  0.07  0.77  0.16  0.04 0.67 0.33 1.2
af4  0.29  0.19  0.70 -0.21 -0.04 0.65 0.35 1.7
af6  0.12  0.28  0.83  0.24  0.03 0.83 0.17 1.5
nf1  0.13  0.92 -0.01 -0.12 -0.07 0.88 0.12 1.1
nf3 -0.14  0.68 -0.06  0.07 -0.28 0.57 0.43 1.5
nf4 -0.04  0.73  0.12  0.07 -0.07 0.56 0.44 1.1
nf6 -0.01  0.94  0.19  0.05 -0.07 0.92 0.08 1.1

                       PA5  PA2  PA1  PA3  PA4
SS loadings           3.23 3.05 2.90 2.48 2.21
Proportion Var        0.16 0.15 0.14 0.12 0.11
Cumulative Var        0.16 0.31 0.46 0.58 0.69
Proportion Explained  0.23 0.22 0.21 0.18 0.16
Cumulative Proportion 0.23 0.45 0.66 0.84 1.00

Mean item complexity =  1.4
Test of the hypothesis that 5 factors are sufficient.

df null model =  190  with the objective function =  14.76 with Chi Square =  3565.6
df of  the model are 100  and the objective function was  1.68 

The root mean square of the residuals (RMSR) is  0.03 
The df corrected root mean square of the residuals is  0.04 

The harmonic n.obs is  250 with the empirical chi square  82.15  with prob <  0.9 
The total n.obs was  250  with Likelihood Chi Square =  399.3  with prob <  2.2e-37 

Tucker Lewis Index of factoring reliability =  0.829
RMSEA index =  0.109  and the 90 % confidence intervals are  0.098 0.121
BIC =  -152.85
Fit based upon off diagonal values = 0.99
Measures of factor score adequacy             
                                                   PA5  PA2  PA1  PA3  PA4
Correlation of (regression) scores with factors   0.95 0.98 0.94 0.94 0.94
Multiple R square of scores with factors          0.91 0.96 0.89 0.89 0.88
Minimum correlation of possible factor scores     0.82 0.92 0.78 0.77 0.77
[1] "Residuals:"
      of1   of2   of5   of6   cf2   cf3   cf4   cf5   cf6   ef2   ef4   ef5   af1   af3   af4   af6   nf1   nf3   nf4   nf6
of1  0.40  0.06  0.01 -0.06  0.03  0.04  0.03 -0.03 -0.02 -0.02 -0.03  0.01  0.04 -0.01  0.00  0.01  0.02 -0.02  0.01 -0.01
of2  0.06  0.42 -0.01 -0.03  0.05  0.01 -0.02  0.02 -0.04 -0.02 -0.02  0.02  0.01 -0.03  0.02  0.01  0.00 -0.03  0.03  0.00
of5  0.01 -0.01  0.27  0.02 -0.01 -0.02  0.02 -0.04  0.02  0.00  0.02 -0.03  0.03 -0.03  0.05 -0.04  0.02 -0.04  0.03 -0.02
of6 -0.06 -0.03  0.02  0.26 -0.05  0.00  0.00  0.01  0.05  0.01  0.01  0.02 -0.03  0.06 -0.05  0.00 -0.03  0.04 -0.02  0.01
cf2  0.03  0.05 -0.01 -0.05  0.51  0.02 -0.08  0.04  0.09  0.03 -0.02  0.03  0.02 -0.03  0.00 -0.02  0.02 -0.03  0.03  0.00
cf3  0.04  0.01 -0.02  0.00  0.02  0.24  0.06 -0.02 -0.06 -0.04 -0.02  0.00  0.00  0.00  0.06 -0.01  0.02 -0.01 -0.03 -0.01
cf4  0.03 -0.02  0.02  0.00 -0.08  0.06  0.42  0.01 -0.03 -0.03  0.02 -0.02  0.01 -0.02  0.02  0.00  0.01  0.00 -0.02 -0.02
cf5 -0.03  0.02 -0.04  0.01  0.04 -0.02  0.01  0.22  0.00 -0.01  0.03 -0.01 -0.02  0.02 -0.06  0.05 -0.05  0.03  0.00  0.03
cf6 -0.02 -0.04  0.02  0.05  0.09 -0.06 -0.03  0.00  0.34  0.05 -0.03  0.03 -0.02  0.01 -0.01 -0.01  0.01  0.00  0.01  0.00
ef2 -0.02 -0.02  0.00  0.01  0.03 -0.04 -0.03 -0.01  0.05  0.32  0.01  0.03 -0.01  0.02 -0.01 -0.01  0.00  0.01  0.01 -0.01
ef4 -0.03 -0.02  0.02  0.01 -0.02 -0.02  0.02  0.03 -0.03  0.01  0.23 -0.01 -0.02  0.03 -0.03  0.01 -0.01  0.01 -0.02  0.02
ef5  0.01  0.02 -0.03  0.02  0.03  0.00 -0.02 -0.01  0.03  0.03 -0.01  0.23  0.00 -0.02  0.00 -0.02  0.00 -0.01  0.02 -0.01
af1  0.04  0.01  0.03 -0.03  0.02  0.00  0.01 -0.02 -0.02 -0.01 -0.02  0.00  0.38 -0.06  0.08  0.00  0.00 -0.07 -0.01  0.04
af3 -0.01 -0.03 -0.03  0.06 -0.03  0.00 -0.02  0.02  0.01  0.02  0.03 -0.02 -0.06  0.33 -0.02  0.04 -0.01  0.03  0.00 -0.03
af4  0.00  0.02  0.05 -0.05  0.00  0.06  0.02 -0.06 -0.01 -0.01 -0.03  0.00  0.08 -0.02  0.35 -0.03  0.02 -0.06  0.08 -0.03
af6  0.01  0.01 -0.04  0.00 -0.02 -0.01  0.00  0.05 -0.01 -0.01  0.01 -0.02  0.00  0.04 -0.03  0.17 -0.01  0.05 -0.04  0.02
nf1  0.02  0.00  0.02 -0.03  0.02  0.02  0.01 -0.05  0.01  0.00 -0.01  0.00  0.00 -0.01  0.02 -0.01  0.12 -0.03  0.03 -0.02
nf3 -0.02 -0.03 -0.04  0.04 -0.03 -0.01  0.00  0.03  0.00  0.01  0.01 -0.01 -0.07  0.03 -0.06  0.05 -0.03  0.43 -0.05  0.05
nf4  0.01  0.03  0.03 -0.02  0.03 -0.03 -0.02  0.00  0.01  0.01 -0.02  0.02 -0.01  0.00  0.08 -0.04  0.03 -0.05  0.44  0.01
nf6 -0.01  0.00 -0.02  0.01  0.00 -0.01 -0.02  0.03  0.00 -0.01  0.02 -0.01  0.04 -0.03 -0.03  0.02 -0.02  0.05  0.01  0.08
[1] "Eigenvalues:"
 [1]  4.66  3.42  2.61  1.95  1.22  0.36  0.23  0.16  0.08  0.04  0.02 -0.02 -0.05 -0.06 -0.07 -0.10 -0.12 -0.13 -0.16 -0.19
