[1] "Analyzation  v3.3"
[1] ""
[1] "Using facets:"
 [1] "of1" "of2" "of3" "of4" "of5" "of6" "cf1" "cf2" "cf3" "cf4" "cf5" "cf6" "ef1" "ef2" "ef3" "ef4" "ef5" "ef6" "af1" "af2" "af3" "af4" "af5"
[24] "af6" "nf1" "nf2" "nf3" "nf4" "nf5" "nf6"
[1] ""
[1] "Correlation Matrix:"
      of1   of2   of3   of4   of5   of6   cf1   cf2   cf3   cf4   cf5   cf6   ef1   ef2   ef3   ef4   ef5   ef6   af1   af2   af3   af4   af5
of1  1.00  0.53  0.22  0.01  0.48  0.24  0.01 -0.18 -0.20  0.04 -0.13 -0.07  0.09 -0.04  0.11  0.05  0.24  0.11  0.03 -0.07  0.05 -0.11 -0.10
of2  0.53  1.00  0.12  0.05  0.46  0.29  0.15 -0.06 -0.17  0.03  0.00 -0.04  0.10 -0.04  0.19  0.08  0.26  0.19  0.06  0.01  0.05 -0.17 -0.06
of3  0.22  0.12  1.00  0.07  0.13  0.28 -0.02 -0.01  0.11  0.13  0.04  0.14  0.35  0.12 -0.04  0.08  0.03 -0.01  0.12  0.02  0.31  0.21  0.09
of4  0.01  0.05  0.07  1.00 -0.03  0.01  0.31  0.04  0.08  0.20  0.18 -0.23  0.22  0.44  0.35  0.63  0.44  0.37  0.15  0.12  0.08 -0.02 -0.20
of5  0.48  0.46  0.13 -0.03  1.00  0.50  0.30  0.03  0.05  0.28  0.18  0.26  0.06 -0.14  0.14  0.04  0.00  0.11  0.09  0.02  0.13 -0.01  0.09
of6  0.24  0.29  0.28  0.01  0.50  1.00  0.32  0.15  0.31  0.33  0.31  0.42  0.32 -0.01  0.15  0.04 -0.05  0.14  0.25  0.12  0.43  0.23  0.14
cf1  0.01  0.15 -0.02  0.31  0.30  0.32  1.00  0.36  0.37  0.47  0.61  0.31  0.21  0.14  0.40  0.32  0.13  0.44  0.30  0.14  0.20  0.09 -0.12
cf2 -0.18 -0.06 -0.01  0.04  0.03  0.15  0.36  1.00  0.51  0.30  0.58  0.51  0.08 -0.05  0.00  0.00 -0.19  0.11  0.19  0.03  0.18  0.28  0.11
cf3 -0.20 -0.17  0.11  0.08  0.05  0.31  0.37  0.51  1.00  0.54  0.60  0.44  0.22  0.01 -0.04  0.07 -0.26  0.10  0.28  0.09  0.33  0.53  0.19
cf4  0.04  0.03  0.13  0.20  0.28  0.33  0.47  0.30  0.54  1.00  0.55  0.31  0.15  0.12  0.19  0.28  0.04  0.21  0.18  0.12  0.20  0.23 -0.01
cf5 -0.13  0.00  0.04  0.18  0.18  0.31  0.61  0.58  0.60  0.55  1.00  0.53  0.23  0.00  0.18  0.15 -0.16  0.22  0.25  0.11  0.29  0.30  0.06
cf6 -0.07 -0.04  0.14 -0.23  0.26  0.42  0.31  0.51  0.44  0.31  0.53  1.00  0.14 -0.18 -0.11 -0.23 -0.40 -0.03  0.20  0.02  0.36  0.40  0.25
ef1  0.09  0.10  0.35  0.22  0.06  0.32  0.21  0.08  0.22  0.15  0.23  0.14  1.00  0.55 -0.05  0.28  0.18  0.52  0.60  0.16  0.57  0.42  0.22
ef2 -0.04 -0.04  0.12  0.44 -0.14 -0.01  0.14 -0.05  0.01  0.12  0.00 -0.18  0.55  1.00  0.19  0.56  0.55  0.51  0.34  0.18  0.23  0.15 -0.06
ef3  0.11  0.19 -0.04  0.35  0.14  0.15  0.40  0.00 -0.04  0.19  0.18 -0.11 -0.05  0.19  1.00  0.42  0.39  0.22 -0.07  0.18 -0.02 -0.34 -0.47
ef4  0.05  0.08  0.08  0.63  0.04  0.04  0.32  0.00  0.07  0.28  0.15 -0.23  0.28  0.56  0.42  1.00  0.60  0.46  0.19  0.10  0.08 -0.01 -0.19
ef5  0.24  0.26  0.03  0.44  0.00 -0.05  0.13 -0.19 -0.26  0.04 -0.16 -0.40  0.18  0.55  0.39  0.60  1.00  0.49  0.06  0.05 -0.08 -0.23 -0.32
ef6  0.11  0.19 -0.01  0.37  0.11  0.14  0.44  0.11  0.10  0.21  0.22 -0.03  0.52  0.51  0.22  0.46  0.49  1.00  0.52  0.15  0.20  0.16 -0.08
af1  0.03  0.06  0.12  0.15  0.09  0.25  0.30  0.19  0.28  0.18  0.25  0.20  0.60  0.34 -0.07  0.19  0.06  0.52  1.00  0.18  0.47  0.47  0.17
af2 -0.07  0.01  0.02  0.12  0.02  0.12  0.14  0.03  0.09  0.12  0.11  0.02  0.16  0.18  0.18  0.10  0.05  0.15  0.18  1.00  0.05  0.02  0.06
af3  0.05  0.05  0.31  0.08  0.13  0.43  0.20  0.18  0.33  0.20  0.29  0.36  0.57  0.23 -0.02  0.08 -0.08  0.20  0.47  0.05  1.00  0.50  0.23
af4 -0.11 -0.17  0.21 -0.02 -0.01  0.23  0.09  0.28  0.53  0.23  0.30  0.40  0.42  0.15 -0.34 -0.01 -0.23  0.16  0.47  0.02  0.50  1.00  0.40
af5 -0.10 -0.06  0.09 -0.20  0.09  0.14 -0.12  0.11  0.19 -0.01  0.06  0.25  0.22 -0.06 -0.47 -0.19 -0.32 -0.08  0.17  0.06  0.23  0.40  1.00
af6  0.13  0.12  0.51 -0.02  0.18  0.43  0.07  0.10  0.27  0.17  0.20  0.32  0.66  0.15 -0.27  0.00 -0.11  0.17  0.49  0.06  0.66  0.50  0.38
nf1  0.00 -0.16  0.42 -0.14 -0.01  0.00 -0.29  0.00  0.15  0.17 -0.07  0.14 -0.02 -0.08 -0.33 -0.11 -0.19 -0.38 -0.17 -0.11  0.06  0.21  0.24
nf2 -0.02  0.02  0.07  0.05 -0.11 -0.12 -0.09 -0.15 -0.20 -0.10 -0.17 -0.21 -0.38 -0.05  0.46  0.10  0.15 -0.33 -0.53  0.03 -0.27 -0.42 -0.31
nf3  0.11  0.00  0.41 -0.26  0.04  0.05 -0.37 -0.16 -0.11 -0.08 -0.19  0.07 -0.16 -0.25 -0.24 -0.31 -0.24 -0.63 -0.29 -0.13  0.03 -0.01  0.13
nf4  0.10 -0.04  0.39 -0.16  0.10  0.08 -0.28 -0.04  0.00  0.06 -0.12  0.10  0.06 -0.03 -0.28 -0.08 -0.10 -0.22 -0.11 -0.12  0.12  0.21  0.30
nf5  0.23  0.16 -0.01  0.34  0.01 -0.17 -0.11 -0.44 -0.38 -0.11 -0.40 -0.66 -0.06  0.29  0.30  0.44  0.58  0.17 -0.19  0.05 -0.27 -0.37 -0.25
nf6  0.06 -0.07  0.56 -0.14  0.08  0.18 -0.27 -0.11  0.06  0.07 -0.09  0.12  0.19  0.00 -0.30 -0.09 -0.16 -0.28 -0.03 -0.02  0.19  0.21  0.31
      af6   nf1   nf2   nf3   nf4   nf5   nf6
of1  0.13  0.00 -0.02  0.11  0.10  0.23  0.06
of2  0.12 -0.16  0.02  0.00 -0.04  0.16 -0.07
of3  0.51  0.42  0.07  0.41  0.39 -0.01  0.56
of4 -0.02 -0.14  0.05 -0.26 -0.16  0.34 -0.14
of5  0.18 -0.01 -0.11  0.04  0.10  0.01  0.08
of6  0.43  0.00 -0.12  0.05  0.08 -0.17  0.18
cf1  0.07 -0.29 -0.09 -0.37 -0.28 -0.11 -0.27
cf2  0.10  0.00 -0.15 -0.16 -0.04 -0.44 -0.11
cf3  0.27  0.15 -0.20 -0.11  0.00 -0.38  0.06
cf4  0.17  0.17 -0.10 -0.08  0.06 -0.11  0.07
cf5  0.20 -0.07 -0.17 -0.19 -0.12 -0.40 -0.09
cf6  0.32  0.14 -0.21  0.07  0.10 -0.66  0.12
ef1  0.66 -0.02 -0.38 -0.16  0.06 -0.06  0.19
ef2  0.15 -0.08 -0.05 -0.25 -0.03  0.29  0.00
ef3 -0.27 -0.33  0.46 -0.24 -0.28  0.30 -0.30
ef4  0.00 -0.11  0.10 -0.31 -0.08  0.44 -0.09
ef5 -0.11 -0.19  0.15 -0.24 -0.10  0.58 -0.16
ef6  0.17 -0.38 -0.33 -0.63 -0.22  0.17 -0.28
af1  0.49 -0.17 -0.53 -0.29 -0.11 -0.19 -0.03
af2  0.06 -0.11  0.03 -0.13 -0.12  0.05 -0.02
af3  0.66  0.06 -0.27  0.03  0.12 -0.27  0.19
af4  0.50  0.21 -0.42 -0.01  0.21 -0.37  0.21
af5  0.38  0.24 -0.31  0.13  0.30 -0.25  0.31
af6  1.00  0.25 -0.39  0.19  0.27 -0.25  0.47
nf1  0.25  1.00  0.08  0.55  0.67 -0.04  0.75
nf2 -0.39  0.08  1.00  0.26  0.02  0.31  0.03
nf3  0.19  0.55  0.26  1.00  0.47 -0.08  0.61
nf4  0.27  0.67  0.02  0.47  1.00  0.05  0.67
nf5 -0.25 -0.04  0.31 -0.08  0.05  1.00  0.01
nf6  0.47  0.75  0.03  0.61  0.67  0.01  1.00
Factor Analysis using method =  pa
Call: fa(r = data_facets, nfactors = 5, rotate = "varimax", residuals = TRUE, 
    fm = "pa")
Standardized loadings (pattern matrix) based upon correlation matrix
      PA2   PA1   PA4   PA3   PA5    h2   u2 com
of1  0.07  0.01 -0.19  0.09  0.67 0.503 0.50 1.2
of2  0.08  0.00 -0.08 -0.08  0.69 0.491 0.51 1.1
of3  0.14  0.20  0.08  0.60  0.23 0.473 0.53 1.7
of4  0.67 -0.03  0.11 -0.08 -0.03 0.465 0.54 1.1
of5 -0.05  0.03  0.21  0.05  0.71 0.556 0.44 1.2
of6  0.01  0.25  0.39  0.14  0.52 0.506 0.49 2.5
cf1  0.32  0.04  0.62 -0.31  0.24 0.640 0.36 2.4
cf2 -0.08  0.12  0.63 -0.10 -0.11 0.437 0.56 1.2
cf3  0.01  0.24  0.73  0.08 -0.15 0.617 0.38 1.3
cf4  0.24  0.03  0.62  0.12  0.13 0.471 0.53 1.5
cf5  0.08  0.12  0.83 -0.10  0.04 0.721 0.28 1.1
cf6 -0.35  0.25  0.65  0.09  0.12 0.634 0.37 2.0
ef1  0.40  0.74  0.10  0.10  0.12 0.734 0.27 1.7
ef2  0.72  0.31 -0.07  0.01 -0.14 0.633 0.37 1.5
ef3  0.50 -0.43  0.20 -0.23  0.26 0.592 0.41 3.4
ef4  0.82 -0.03  0.10 -0.02  0.02 0.677 0.32 1.0
ef5  0.74 -0.08 -0.26 -0.11  0.18 0.662 0.34 1.5
ef6  0.57  0.42  0.08 -0.39  0.16 0.695 0.31 2.9
af1  0.22  0.71  0.19 -0.17  0.07 0.617 0.38 1.5
af2  0.18  0.07  0.11 -0.06  0.01 0.054 0.95 2.4
af3  0.10  0.57  0.30  0.18  0.15 0.475 0.52 2.0
af4 -0.06  0.62  0.34  0.19 -0.17 0.577 0.42 2.0
af5 -0.28  0.43  0.06  0.24 -0.07 0.329 0.67 2.5
af6  0.01  0.72  0.16  0.40  0.23 0.747 0.25 1.9
nf1 -0.12 -0.02  0.06  0.83 -0.14 0.721 0.28 1.1
nf2  0.15 -0.67 -0.07  0.19  0.01 0.514 0.49 1.3
nf3 -0.32 -0.16 -0.11  0.70  0.08 0.636 0.36 1.6
nf4 -0.09  0.09 -0.06  0.71  0.02 0.525 0.47 1.1
nf5  0.56 -0.30 -0.49  0.06  0.13 0.662 0.34 2.7
nf6 -0.07  0.16 -0.04  0.88  0.03 0.805 0.19 1.1

                       PA2  PA1  PA4  PA3  PA5
SS loadings           3.87 3.78 3.75 3.56 2.20
Proportion Var        0.13 0.13 0.13 0.12 0.07
Cumulative Var        0.13 0.26 0.38 0.50 0.57
Proportion Explained  0.23 0.22 0.22 0.21 0.13
Cumulative Proportion 0.23 0.45 0.66 0.87 1.00

Mean item complexity =  1.7
Test of the hypothesis that 5 factors are sufficient.

df null model =  435  with the objective function =  18.29 with Chi Square =  22847.38
df of  the model are 295  and the objective function was  2.55 

The root mean square of the residuals (RMSR) is  0.04 
The df corrected root mean square of the residuals is  0.04 

The harmonic n.obs is  1261 with the empirical chi square  1393.54  with prob <  7.2e-142 
The total n.obs was  1261  with Likelihood Chi Square =  3176.56  with prob <  0 

Tucker Lewis Index of factoring reliability =  0.81
RMSEA index =  0.088  and the 90 % confidence intervals are  0.085 0.091
BIC =  1070.36
Fit based upon off diagonal values = 0.98
Measures of factor score adequacy             
                                                   PA2  PA1  PA4  PA3  PA5
Correlation of (regression) scores with factors   0.95 0.95 0.95 0.96 0.91
Multiple R square of scores with factors          0.90 0.90 0.89 0.91 0.82
Minimum correlation of possible factor scores     0.81 0.79 0.79 0.83 0.64
[1] "Residuals:"
      of1   of2   of3   of4   of5   of6   cf1   cf2   cf3   cf4   cf5   cf6   ef1   ef2   ef3   ef4   ef5   ef6   af1   af2   af3   af4   af5
of1  0.50  0.05  0.02  0.01  0.04 -0.05 -0.03  0.03  0.03  0.04  0.00 -0.02 -0.01 -0.02 -0.04  0.00  0.03  0.01  0.00 -0.07 -0.02  0.05 -0.04
of2  0.05  0.51  0.00  0.01  0.00 -0.03 -0.01  0.06  0.00 -0.02  0.03 -0.03  0.00 -0.01 -0.03  0.00  0.04  0.01 -0.01 -0.01 -0.02  0.00  0.04
of3  0.02  0.00  0.53  0.02 -0.07  0.00  0.01  0.01 -0.01 -0.06  0.00  0.01  0.05 -0.01  0.03 -0.03 -0.01  0.01  0.02  0.01  0.02 -0.01 -0.09
of4  0.01  0.01  0.02  0.54  0.00 -0.01  0.01  0.01  0.00 -0.02  0.03 -0.05 -0.02 -0.03 -0.03  0.08 -0.02 -0.04 -0.01 -0.01  0.02  0.01  0.00
of5  0.04  0.00 -0.07  0.00  0.44  0.04  0.03 -0.03  0.00  0.07 -0.02  0.01 -0.05  0.00 -0.04  0.05 -0.03  0.02  0.00  0.00 -0.06  0.01  0.09
of6 -0.05 -0.03  0.00 -0.01  0.04  0.49 -0.03 -0.05  0.03 -0.01 -0.05  0.03  0.02  0.00  0.06 -0.01 -0.01 -0.03 -0.02  0.06  0.07  0.00  0.02
cf1 -0.03 -0.01  0.01  0.01  0.03 -0.03  0.36 -0.01 -0.03  0.02  0.02  0.00  0.00 -0.02  0.00 -0.01 -0.01  0.03  0.02 -0.01 -0.02 -0.02  0.00
cf2  0.03  0.06  0.01  0.01 -0.03 -0.05 -0.01  0.56  0.02 -0.04  0.04  0.06 -0.01  0.00 -0.03  0.00  0.05  0.03  0.00 -0.04 -0.03 -0.01  0.01
cf3  0.03  0.00 -0.01  0.00  0.00  0.03 -0.03  0.02  0.38  0.09 -0.02 -0.08 -0.02 -0.03 -0.03  0.00 -0.01 -0.01  0.00  0.00 -0.01  0.09  0.01
cf4  0.04 -0.02 -0.06 -0.02  0.07 -0.01  0.02 -0.04  0.09  0.53  0.02 -0.04 -0.05  0.00 -0.06  0.02  0.02  0.03  0.00  0.01 -0.07  0.01 -0.01
cf5  0.00  0.03  0.00  0.03 -0.02 -0.05  0.02  0.04 -0.02  0.02  0.28 -0.01  0.03 -0.02 -0.02  0.00  0.00  0.00 -0.03 -0.02 -0.01 -0.03  0.01
cf6 -0.02 -0.03  0.01 -0.05  0.01  0.03  0.00  0.06 -0.08 -0.04 -0.01  0.37  0.01  0.05  0.03  0.00  0.04  0.02 -0.02  0.00  0.02  0.00 -0.01
ef1 -0.01  0.00  0.05 -0.02 -0.05  0.02  0.00 -0.01 -0.02 -0.05  0.03  0.01  0.27  0.06  0.04 -0.03 -0.03 -0.01 -0.01  0.03  0.05 -0.05 -0.01
ef2 -0.02 -0.01 -0.01 -0.03  0.00  0.00 -0.02  0.00 -0.03  0.00 -0.02  0.05  0.06  0.37  0.02 -0.01  0.05  0.00 -0.01  0.04  0.03  0.00  0.00
ef3 -0.04 -0.03  0.03 -0.03 -0.04  0.06  0.00 -0.03 -0.03 -0.06 -0.02  0.03  0.04  0.02  0.41 -0.03 -0.03 -0.03  0.03  0.08  0.11 -0.03 -0.09
ef4  0.00  0.00 -0.03  0.08  0.05 -0.01 -0.01  0.00  0.00  0.02  0.00  0.00 -0.03 -0.01 -0.03  0.32  0.02 -0.02  0.00 -0.05 -0.01  0.02  0.05
ef5  0.03  0.04 -0.01 -0.02 -0.03 -0.01 -0.01  0.05 -0.01  0.02  0.00  0.04 -0.03  0.05 -0.03  0.02  0.34  0.06 -0.02 -0.05 -0.03  0.01 -0.02
ef6  0.01  0.01  0.01 -0.04  0.02 -0.03  0.03  0.03 -0.01  0.03  0.00  0.02 -0.01  0.00 -0.03 -0.02  0.06  0.31  0.00 -0.02 -0.08  0.01  0.00
af1  0.00 -0.01  0.02 -0.01  0.00 -0.02  0.02  0.00  0.00  0.00 -0.03 -0.02 -0.01 -0.01  0.03  0.00 -0.02  0.00  0.38  0.06  0.01  0.02 -0.04
af2 -0.07 -0.01  0.01 -0.01  0.00  0.06 -0.01 -0.04  0.00  0.01 -0.02  0.00  0.03  0.04  0.08 -0.05 -0.05 -0.02  0.06  0.95 -0.03 -0.04  0.09
af3 -0.02 -0.02  0.02  0.02 -0.06  0.07 -0.02 -0.03 -0.01 -0.07 -0.01  0.02  0.05  0.03  0.11 -0.01 -0.03 -0.08  0.01 -0.03  0.52  0.04 -0.04
af4  0.05  0.00 -0.01  0.01  0.01  0.00 -0.02 -0.01  0.09  0.01 -0.03  0.00 -0.05  0.00 -0.03  0.02  0.01  0.01  0.02 -0.04  0.04  0.42  0.03
af5 -0.04  0.04 -0.09  0.00  0.09  0.02  0.00  0.01  0.01 -0.01  0.01 -0.01 -0.01  0.00 -0.09  0.05 -0.02  0.00 -0.04  0.09 -0.04  0.03  0.67
af6 -0.03  0.00  0.06  0.01 -0.05  0.02  0.00 -0.02 -0.01 -0.03  0.02 -0.02  0.04 -0.04  0.03 -0.01 -0.02 -0.03  0.00  0.01  0.10 -0.04 -0.01
nf1  0.04  0.01 -0.02  0.00  0.04 -0.06  0.00  0.02  0.02  0.08 -0.01  0.00 -0.04 -0.01 -0.06  0.01  0.03  0.03  0.00 -0.04 -0.06  0.01  0.01
nf2 -0.05  0.01  0.08 -0.04 -0.08  0.04 -0.01  0.00 -0.01 -0.10 -0.03  0.04  0.04  0.04  0.15 -0.02 -0.02 -0.05 -0.04  0.07  0.08 -0.01 -0.02
nf3 -0.01  0.01  0.06  0.02 -0.05  0.00  0.00 -0.02 -0.03 -0.03  0.02  0.00  0.02  0.03  0.01 -0.02  0.01 -0.10  0.03  0.00  0.05 -0.01 -0.04
nf4  0.02  0.00 -0.04 -0.03  0.06 -0.03 -0.01  0.06 -0.03  0.03  0.00  0.02 -0.04  0.00 -0.03  0.02  0.03  0.07 -0.03 -0.06 -0.04  0.04  0.07
nf5  0.02 -0.01 -0.06  0.02  0.05  0.01  0.01 -0.03  0.05  0.04 -0.01 -0.09 -0.04 -0.04 -0.03  0.02  0.00  0.02 -0.01  0.02 -0.03  0.03  0.06
nf6 -0.03 -0.02  0.01 -0.02  0.02  0.01  0.03 -0.02 -0.02 -0.01  0.01  0.00  0.00 -0.01  0.01 -0.01 -0.02  0.03  0.02  0.04 -0.05 -0.04  0.02
      af6   nf1   nf2   nf3   nf4   nf5   nf6
of1 -0.03  0.04 -0.05 -0.01  0.02  0.02 -0.03
of2  0.00  0.01  0.01  0.01  0.00 -0.01 -0.02
of3  0.06 -0.02  0.08  0.06 -0.04 -0.06  0.01
of4  0.01  0.00 -0.04  0.02 -0.03  0.02 -0.02
of5 -0.05  0.04 -0.08 -0.05  0.06  0.05  0.02
of6  0.02 -0.06  0.04  0.00 -0.03  0.01  0.01
cf1  0.00  0.00 -0.01  0.00 -0.01  0.01  0.03
cf2 -0.02  0.02  0.00 -0.02  0.06 -0.03 -0.02
cf3 -0.01  0.02 -0.01 -0.03 -0.03  0.05 -0.02
cf4 -0.03  0.08 -0.10 -0.03  0.03  0.04 -0.01
cf5  0.02 -0.01 -0.03  0.02  0.00 -0.01  0.01
cf6 -0.02  0.00  0.04  0.00  0.02 -0.09  0.00
ef1  0.04 -0.04  0.04  0.02 -0.04 -0.04  0.00
ef2 -0.04 -0.01  0.04  0.03  0.00 -0.04 -0.01
ef3  0.03 -0.06  0.15  0.01 -0.03 -0.03  0.01
ef4 -0.01  0.01 -0.02 -0.02  0.02  0.02 -0.01
ef5 -0.02  0.03 -0.02  0.01  0.03  0.00 -0.02
ef6 -0.03  0.03 -0.05 -0.10  0.07  0.02  0.03
af1  0.00  0.00 -0.04  0.03 -0.03 -0.01  0.02
af2  0.01 -0.04  0.07  0.00 -0.06  0.02  0.04
af3  0.10 -0.06  0.08  0.05 -0.04 -0.03 -0.05
af4 -0.04  0.01 -0.01 -0.01  0.04  0.03 -0.04
af5 -0.01  0.01 -0.02 -0.04  0.07  0.06  0.02
af6  0.25 -0.04  0.02  0.04 -0.06 -0.02  0.00
nf1 -0.04  0.28 -0.06 -0.05  0.08  0.02  0.02
nf2  0.02 -0.06  0.49  0.06 -0.05 -0.02 -0.02
nf3  0.04 -0.05  0.06  0.36 -0.05 -0.05 -0.01
nf4 -0.06  0.08 -0.05 -0.05  0.47  0.05  0.03
nf5 -0.02  0.02 -0.02 -0.05  0.05  0.34  0.02
nf6  0.00  0.02 -0.02 -0.01  0.03  0.02  0.19
[1] "Eigenvalues:"
 [1]  5.46  4.76  3.08  2.13  1.74  0.71  0.33  0.28  0.20  0.17  0.11  0.08  0.06  0.01  0.00 -0.01 -0.04 -0.06 -0.07 -0.08 -0.09 -0.11 -0.14
[24] -0.16 -0.16 -0.17 -0.19 -0.20 -0.21 -0.24
