[1] "Analyzation  v3.4"
[1] ""
[1] "Using facets:"
 [1] "of1" "of2" "of5" "cf2" "cf4" "cf5" "cf6" "ef2" "ef4" "ef5" "ef6" "af1" "af3" "af4" "af6" "nf1" "nf4" "nf6"
[1] ""
[1] "Correlation Matrix:"
      of1   of2   of5   cf2  cf4   cf5   cf6   ef2   ef4   ef5   ef6   af1   af3   af4   af6   nf1   nf4   nf6
of1  1.00  0.61  0.59 -0.25 0.05 -0.17 -0.11 -0.06  0.06  0.29  0.12  0.02  0.03 -0.19  0.16 -0.02  0.11  0.10
of2  0.61  1.00  0.53 -0.10 0.03 -0.02 -0.04 -0.04  0.09  0.29  0.20  0.03  0.02 -0.23  0.11 -0.19 -0.05 -0.08
of5  0.59  0.53  1.00  0.02 0.32  0.19  0.31 -0.18  0.02 -0.02  0.11  0.10  0.16 -0.03  0.20 -0.02  0.10  0.08
cf2 -0.25 -0.10  0.02  1.00 0.33  0.66  0.59 -0.07 -0.02 -0.25  0.12  0.22  0.20  0.34  0.11 -0.01 -0.05 -0.13
cf4  0.05  0.03  0.32  0.33 1.00  0.61  0.34  0.11  0.31  0.02  0.22  0.21  0.22  0.25  0.18  0.18  0.06  0.08
cf5 -0.17 -0.02  0.19  0.66 0.61  1.00  0.59  0.00  0.18 -0.18  0.25  0.30  0.34  0.34  0.22 -0.10 -0.15 -0.12
cf6 -0.11 -0.04  0.31  0.59 0.34  0.59  1.00 -0.24 -0.30 -0.47 -0.05  0.24  0.41  0.47  0.38  0.15  0.10  0.15
ef2 -0.06 -0.04 -0.18 -0.07 0.11  0.00 -0.24  1.00  0.63  0.59  0.56  0.37  0.26  0.16  0.17 -0.10 -0.04 -0.02
ef4  0.06  0.09  0.02 -0.02 0.31  0.18 -0.30  0.63  1.00  0.66  0.50  0.20  0.08 -0.03 -0.02 -0.15 -0.12 -0.13
ef5  0.29  0.29 -0.02 -0.25 0.02 -0.18 -0.47  0.59  0.66  1.00  0.52  0.06 -0.10 -0.28 -0.13 -0.24 -0.12 -0.20
ef6  0.12  0.20  0.11  0.12 0.22  0.25 -0.05  0.56  0.50  0.52  1.00  0.58  0.21  0.19  0.18 -0.44 -0.26 -0.33
af1  0.02  0.03  0.10  0.22 0.21  0.30  0.24  0.37  0.20  0.06  0.58  1.00  0.52  0.55  0.55 -0.19 -0.13 -0.03
af3  0.03  0.02  0.16  0.20 0.22  0.34  0.41  0.26  0.08 -0.10  0.21  0.52  1.00  0.57  0.74  0.09  0.15  0.25
af4 -0.19 -0.23 -0.03  0.34 0.25  0.34  0.47  0.16 -0.03 -0.28  0.19  0.55  0.57  1.00  0.59  0.24  0.24  0.27
af6  0.16  0.11  0.20  0.11 0.18  0.22  0.38  0.17 -0.02 -0.13  0.18  0.55  0.74  0.59  1.00  0.27  0.31  0.52
nf1 -0.02 -0.19 -0.02 -0.01 0.18 -0.10  0.15 -0.10 -0.15 -0.24 -0.44 -0.19  0.09  0.24  0.27  1.00  0.72  0.81
nf4  0.11 -0.05  0.10 -0.05 0.06 -0.15  0.10 -0.04 -0.12 -0.12 -0.26 -0.13  0.15  0.24  0.31  0.72  1.00  0.75
nf6  0.10 -0.08  0.08 -0.13 0.08 -0.12  0.15 -0.02 -0.13 -0.20 -0.33 -0.03  0.25  0.27  0.52  0.81  0.75  1.00
Factor Analysis using method =  pa
Call: fa(r = data_facets, nfactors = 5, rotate = "varimax", residuals = TRUE, 
    fm = "pa")
Standardized loadings (pattern matrix) based upon correlation matrix
      PA1   PA3   PA2   PA5   PA4   h2   u2 com
of1  0.01  0.08  0.09 -0.17  0.82 0.71 0.29 1.1
of2  0.00 -0.12  0.09 -0.05  0.73 0.56 0.44 1.1
of5  0.08  0.05 -0.09  0.26  0.78 0.69 0.31 1.3
cf2  0.17 -0.11 -0.12  0.67 -0.16 0.53 0.47 1.4
cf4  0.08  0.16  0.23  0.66  0.15 0.54 0.46 1.5
cf5  0.20 -0.15  0.03  0.88 -0.01 0.84 0.16 1.2
cf6  0.37  0.07 -0.41  0.64  0.06 0.72 0.28 2.4
ef2  0.29 -0.02  0.78 -0.08 -0.16 0.72 0.28 1.4
ef4 -0.02 -0.05  0.83  0.15  0.04 0.72 0.28 1.1
ef5 -0.13 -0.12  0.81 -0.21  0.21 0.78 0.22 1.4
ef6  0.37 -0.39  0.61  0.13  0.15 0.69 0.31 2.7
af1  0.74 -0.21  0.23  0.15  0.03 0.68 0.32 1.5
af3  0.73  0.13  0.05  0.21  0.06 0.59 0.41 1.3
af4  0.70  0.19 -0.05  0.29 -0.22 0.66 0.34 1.8
af6  0.83  0.32 -0.01  0.07  0.18 0.83 0.17 1.4
nf1  0.00  0.92 -0.12  0.07 -0.10 0.87 0.13 1.1
nf4  0.10  0.77 -0.07 -0.04  0.05 0.62 0.38 1.1
nf6  0.24  0.90 -0.09 -0.08  0.04 0.88 0.12 1.2

                       PA1  PA3  PA2  PA5  PA4
SS loadings           2.78 2.70 2.67 2.43 2.05
Proportion Var        0.15 0.15 0.15 0.13 0.11
Cumulative Var        0.15 0.30 0.45 0.59 0.70
Proportion Explained  0.22 0.21 0.21 0.19 0.16
Cumulative Proportion 0.22 0.43 0.65 0.84 1.00

Mean item complexity =  1.4
Test of the hypothesis that 5 factors are sufficient.

df null model =  153  with the objective function =  12.43 with Chi Square =  3009.51
df of  the model are 73  and the objective function was  1.12 

The root mean square of the residuals (RMSR) is  0.03 
The df corrected root mean square of the residuals is  0.04 

The harmonic n.obs is  250 with the empirical chi square  48.05  with prob <  0.99 
The total n.obs was  250  with Likelihood Chi Square =  266.36  with prob <  8.3e-24 

Tucker Lewis Index of factoring reliability =  0.856
RMSEA index =  0.103  and the 90 % confidence intervals are  0.09 0.117
BIC =  -136.71
Fit based upon off diagonal values = 0.99
Measures of factor score adequacy             
                                                   PA1  PA3  PA2  PA5  PA4
Correlation of (regression) scores with factors   0.95 0.97 0.95 0.95 0.93
Multiple R square of scores with factors          0.89 0.94 0.90 0.90 0.86
Minimum correlation of possible factor scores     0.79 0.88 0.80 0.79 0.73
[1] "Residuals:"
      of1   of2   of5   cf2   cf4   cf5   cf6   ef2   ef4   ef5   ef6   af1   af3   af4   af6   nf1   nf4   nf6
of1  0.29  0.00  0.00  0.01  0.01  0.00 -0.02 -0.01 -0.02  0.02  0.00  0.01 -0.01  0.02 -0.01  0.02  0.00 -0.01
of2  0.00  0.44 -0.01  0.04 -0.04  0.02  0.00  0.00 -0.01  0.03  0.00 -0.02  0.00 -0.02  0.03  0.01  0.01  0.00
of5  0.00 -0.01  0.31 -0.05  0.04 -0.04  0.04  0.01  0.02 -0.05  0.01  0.02  0.00  0.00 -0.03 -0.02  0.02 -0.01
cf2  0.01  0.04 -0.05  0.47 -0.05  0.02  0.07  0.01 -0.01  0.03  0.03  0.00 -0.03  0.01 -0.02  0.02  0.05 -0.02
cf4  0.01 -0.04  0.04 -0.05  0.46  0.03 -0.03 -0.02  0.02 -0.03  0.00  0.02 -0.01  0.02  0.00  0.03 -0.03 -0.01
cf5  0.00  0.02 -0.04  0.02  0.03  0.16 -0.02 -0.02  0.01 -0.01 -0.01 -0.02  0.03 -0.03  0.04 -0.03 -0.02  0.03
cf6 -0.02  0.00  0.04  0.07 -0.03 -0.02  0.28  0.03 -0.04  0.04  0.00 -0.03  0.02  0.00 -0.01  0.00  0.00  0.01
ef2 -0.01  0.00  0.01  0.01 -0.02 -0.02  0.03  0.28  0.00  0.02  0.01 -0.02  0.03 -0.01 -0.02  0.00  0.00  0.01
ef4 -0.02 -0.01  0.02 -0.01  0.02  0.01 -0.04  0.00  0.28  0.00 -0.04 -0.01  0.03 -0.01  0.01 -0.01 -0.02  0.01
ef5  0.02  0.03 -0.05  0.03 -0.03 -0.01  0.04  0.02  0.00  0.22  0.03 -0.03  0.00 -0.02  0.01  0.01  0.02 -0.01
ef6  0.00  0.00  0.01  0.03  0.00 -0.01  0.00  0.01 -0.04  0.03  0.31  0.06 -0.08  0.03 -0.03  0.00  0.05 -0.01
af1  0.01 -0.02  0.02  0.00  0.02 -0.02 -0.03 -0.02 -0.01 -0.03  0.06  0.32 -0.04  0.04 -0.02  0.02 -0.02  0.01
af3 -0.01  0.00  0.00 -0.03 -0.01  0.03  0.02  0.03  0.03  0.00 -0.08 -0.04  0.41 -0.01  0.07 -0.02 -0.01 -0.02
af4  0.02 -0.02  0.00  0.01  0.02 -0.03  0.00 -0.01 -0.01 -0.02  0.03  0.04 -0.01  0.34 -0.04  0.02  0.04 -0.04
af6 -0.01  0.03 -0.03 -0.02  0.00  0.04 -0.01 -0.02  0.01  0.01 -0.03 -0.02  0.07 -0.04  0.17 -0.01 -0.03  0.03
nf1  0.02  0.01 -0.02  0.02  0.03 -0.03  0.00  0.00 -0.01  0.01  0.00  0.02 -0.02  0.02 -0.01  0.13  0.01 -0.01
nf4  0.00  0.01  0.02  0.05 -0.03 -0.02  0.00  0.00 -0.02  0.02  0.05 -0.02 -0.01  0.04 -0.03  0.01  0.38  0.02
nf6 -0.01  0.00 -0.01 -0.02 -0.01  0.03  0.01  0.01  0.01 -0.01 -0.01  0.01 -0.02 -0.04  0.03 -0.01  0.02  0.12
[1] "Eigenvalues:"
 [1]  3.88  3.35  2.35  1.90  1.14  0.24  0.21  0.10  0.06  0.02 -0.01 -0.02 -0.03 -0.07 -0.09 -0.11 -0.14 -0.16
