[1] "Using facets:"
 [1] "of1" "of2" "of3" "of4" "of5" "of6" "cf1" "cf2" "cf3" "cf4" "cf5" "cf6" "ef1" "ef2" "ef3" "ef4" "ef5" "ef6" "af1" "af2" "af3" "af4" "af5"
[24] "af6" "nf1" "nf2" "nf3" "nf4" "nf5" "nf6"
[1] "Analyzation  v2.0"
[1] "Correlation Matrix:"
      of1   of2   of3   of4   of5   of6   cf1   cf2   cf3   cf4   cf5   cf6   ef1   ef2   ef3   ef4   ef5   ef6   af1   af2   af3   af4   af5
of1  1.00  0.66  0.25 -0.11  0.53  0.34 -0.12 -0.21 -0.37  0.03 -0.39 -0.11  0.22  0.13 -0.02  0.06  0.36  0.22 -0.01 -0.17  0.02 -0.11 -0.03
of2  0.66  1.00  0.03 -0.21  0.60  0.38  0.07 -0.15 -0.49 -0.15 -0.26  0.02  0.03 -0.08  0.17  0.00  0.20  0.13 -0.09  0.03 -0.13 -0.36 -0.07
of3  0.25  0.03  1.00  0.17 -0.07  0.31 -0.15  0.20  0.24  0.18  0.12  0.21  0.45  0.27 -0.13  0.15  0.08 -0.02  0.10 -0.12  0.50  0.31  0.03
of4 -0.11 -0.21  0.17  1.00 -0.30 -0.02  0.19  0.07  0.10  0.07  0.14 -0.17  0.46  0.60  0.28  0.77  0.45  0.45  0.33  0.06  0.28  0.15 -0.34
of5  0.53  0.60 -0.07 -0.30  1.00  0.58  0.30  0.07 -0.24  0.07 -0.02  0.34  0.04 -0.21  0.03 -0.14 -0.12  0.14  0.05  0.17  0.00 -0.10  0.20
of6  0.34  0.38  0.31 -0.02  0.58  1.00  0.41  0.21  0.17  0.28  0.30  0.55  0.43  0.12  0.12  0.05  0.02  0.14  0.28  0.17  0.57  0.33  0.06
cf1 -0.12  0.07 -0.15  0.19  0.30  0.41  1.00  0.43  0.23  0.47  0.64  0.60  0.22  0.20  0.38  0.31  0.06  0.48  0.35  0.21  0.17  0.13 -0.22
cf2 -0.21 -0.15  0.20  0.07  0.07  0.21  0.43  1.00  0.61  0.17  0.66  0.52  0.13 -0.05 -0.12 -0.03 -0.27  0.02  0.26  0.04  0.16  0.36  0.17
cf3 -0.37 -0.49  0.24  0.10 -0.24  0.17  0.23  0.61  1.00  0.48  0.68  0.37  0.09 -0.08 -0.16 -0.06 -0.28 -0.21  0.17  0.00  0.39  0.57  0.17
cf4  0.03 -0.15  0.18  0.07  0.07  0.28  0.47  0.17  0.48  1.00  0.40  0.44  0.11  0.19  0.15  0.27  0.10  0.21  0.08  0.05  0.25  0.26 -0.06
cf5 -0.39 -0.26  0.12  0.14 -0.02  0.30  0.64  0.66  0.68  0.40  1.00  0.64  0.19 -0.03  0.06  0.00 -0.33  0.10  0.32  0.12  0.29  0.42  0.03
cf6 -0.11  0.02  0.21 -0.17  0.34  0.55  0.60  0.52  0.37  0.44  0.64  1.00  0.09  0.00  0.09 -0.11 -0.22  0.05  0.09  0.08  0.31  0.21  0.12
ef1  0.22  0.03  0.45  0.46  0.04  0.43  0.22  0.13  0.09  0.11  0.19  0.09  1.00  0.68 -0.05  0.45  0.28  0.63  0.74 -0.07  0.68  0.56 -0.01
ef2  0.13 -0.08  0.27  0.60 -0.21  0.12  0.20 -0.05 -0.08  0.19 -0.03  0.00  0.68  1.00  0.22  0.70  0.65  0.65  0.47 -0.09  0.32  0.20 -0.31
ef3 -0.02  0.17 -0.13  0.28  0.03  0.12  0.38 -0.12 -0.16  0.15  0.06  0.09 -0.05  0.22  1.00  0.52  0.38  0.25 -0.13  0.44 -0.10 -0.50 -0.72
ef4  0.06  0.00  0.15  0.77 -0.14  0.05  0.31 -0.03 -0.06  0.27  0.00 -0.11  0.45  0.70  0.52  1.00  0.62  0.63  0.30  0.00  0.16 -0.04 -0.50
ef5  0.36  0.20  0.08  0.45 -0.12  0.02  0.06 -0.27 -0.28  0.10 -0.33 -0.22  0.28  0.65  0.38  0.62  1.00  0.56  0.15 -0.11  0.02 -0.16 -0.50
ef6  0.22  0.13 -0.02  0.45  0.14  0.14  0.48  0.02 -0.21  0.21  0.10  0.05  0.63  0.65  0.25  0.63  0.56  1.00  0.64 -0.06  0.18  0.16 -0.26
af1 -0.01 -0.09  0.10  0.33  0.05  0.28  0.35  0.26  0.17  0.08  0.32  0.09  0.74  0.47 -0.13  0.30  0.15  0.64  1.00 -0.19  0.47  0.62  0.08
af2 -0.17  0.03 -0.12  0.06  0.17  0.17  0.21  0.04  0.00  0.05  0.12  0.08 -0.07 -0.09  0.44  0.00 -0.11 -0.06 -0.19  1.00 -0.04 -0.20 -0.21
af3  0.02 -0.13  0.50  0.28  0.00  0.57  0.17  0.16  0.39  0.25  0.29  0.31  0.68  0.32 -0.10  0.16  0.02  0.18  0.47 -0.04  1.00  0.69  0.05
af4 -0.11 -0.36  0.31  0.15 -0.10  0.33  0.13  0.36  0.57  0.26  0.42  0.21  0.56  0.20 -0.50 -0.04 -0.16  0.16  0.62 -0.20  0.69  1.00  0.34
af5 -0.03 -0.07  0.03 -0.34  0.20  0.06 -0.22  0.17  0.17 -0.06  0.03  0.12 -0.01 -0.31 -0.72 -0.50 -0.50 -0.26  0.08 -0.21  0.05  0.34  1.00
af6  0.29  0.08  0.64  0.19  0.05  0.56  0.05  0.09  0.25  0.26  0.18  0.26  0.74  0.34 -0.27  0.13  0.09  0.22  0.46 -0.10  0.82  0.64  0.20
nf1  0.12 -0.16  0.50 -0.11 -0.05  0.13 -0.19  0.03  0.34  0.32 -0.05  0.24 -0.09 -0.12 -0.24 -0.14 -0.11 -0.43 -0.33 -0.18  0.23  0.15  0.19
nf2  0.00  0.15  0.18  0.02 -0.18 -0.11 -0.08 -0.03  0.03  0.01 -0.08  0.01 -0.29 -0.04  0.47  0.11  0.14 -0.31 -0.55  0.14 -0.16 -0.47 -0.33
nf3  0.02 -0.02  0.39 -0.31 -0.14  0.16 -0.44 -0.12  0.12 -0.07 -0.16  0.04 -0.11 -0.22 -0.31 -0.42 -0.27 -0.66 -0.31 -0.08  0.27  0.15  0.16
nf4  0.27  0.06  0.39 -0.22  0.26  0.36 -0.03  0.03  0.06  0.26 -0.11  0.27  0.12  0.00 -0.37 -0.13 -0.10 -0.11 -0.02 -0.21  0.29  0.28  0.34
nf5  0.35  0.19 -0.09  0.23 -0.07 -0.34 -0.40 -0.54 -0.48 -0.22 -0.72 -0.77 -0.03  0.22  0.15  0.34  0.57  0.17 -0.11 -0.05 -0.29 -0.35 -0.28
nf6  0.22 -0.03  0.68 -0.08  0.07  0.37 -0.23  0.05  0.25  0.18  0.01  0.27  0.18 -0.05 -0.35 -0.18 -0.17 -0.35 -0.09 -0.18  0.40  0.33  0.30
      af6   nf1   nf2   nf3   nf4   nf5   nf6
of1  0.29  0.12  0.00  0.02  0.27  0.35  0.22
of2  0.08 -0.16  0.15 -0.02  0.06  0.19 -0.03
of3  0.64  0.50  0.18  0.39  0.39 -0.09  0.68
of4  0.19 -0.11  0.02 -0.31 -0.22  0.23 -0.08
of5  0.05 -0.05 -0.18 -0.14  0.26 -0.07  0.07
of6  0.56  0.13 -0.11  0.16  0.36 -0.34  0.37
cf1  0.05 -0.19 -0.08 -0.44 -0.03 -0.40 -0.23
cf2  0.09  0.03 -0.03 -0.12  0.03 -0.54  0.05
cf3  0.25  0.34  0.03  0.12  0.06 -0.48  0.25
cf4  0.26  0.32  0.01 -0.07  0.26 -0.22  0.18
cf5  0.18 -0.05 -0.08 -0.16 -0.11 -0.72  0.01
cf6  0.26  0.24  0.01  0.04  0.27 -0.77  0.27
ef1  0.74 -0.09 -0.29 -0.11  0.12 -0.03  0.18
ef2  0.34 -0.12 -0.04 -0.22  0.00  0.22 -0.05
ef3 -0.27 -0.24  0.47 -0.31 -0.37  0.15 -0.35
ef4  0.13 -0.14  0.11 -0.42 -0.13  0.34 -0.18
ef5  0.09 -0.11  0.14 -0.27 -0.10  0.57 -0.17
ef6  0.22 -0.43 -0.31 -0.66 -0.11  0.17 -0.35
af1  0.46 -0.33 -0.55 -0.31 -0.02 -0.11 -0.09
af2 -0.10 -0.18  0.14 -0.08 -0.21 -0.05 -0.18
af3  0.82  0.23 -0.16  0.27  0.29 -0.29  0.40
af4  0.64  0.15 -0.47  0.15  0.28 -0.35  0.33
af5  0.20  0.19 -0.33  0.16  0.34 -0.28  0.30
af6  1.00  0.32 -0.24  0.29  0.36 -0.21  0.56
nf1  0.32  1.00  0.19  0.52  0.66 -0.08  0.86
nf2 -0.24  0.19  1.00  0.21 -0.13  0.05  0.01
nf3  0.29  0.52  0.21  1.00  0.38 -0.19  0.59
nf4  0.36  0.66 -0.13  0.38  1.00 -0.09  0.67
nf5 -0.21 -0.08  0.05 -0.19 -0.09  1.00 -0.13
nf6  0.56  0.86  0.01  0.59  0.67 -0.13  1.00
Factor Analysis using method =  pa
Call: fa(r = data_facets, nfactors = 5, rotate = "varimax", residuals = TRUE, 
    fm = "pa")
Standardized loadings (pattern matrix) based upon correlation matrix
      PA2   PA3   PA1   PA5   PA4   h2   u2 com
of1  0.16 -0.31  0.25  0.04  0.70 0.67 0.33 1.8
of2  0.01 -0.16 -0.02 -0.15  0.77 0.65 0.35 1.2
of3  0.25  0.11  0.72  0.08  0.02 0.61 0.39 1.3
of4  0.73  0.04 -0.04  0.02 -0.27 0.61 0.39 1.3
of5 -0.19  0.19 -0.06  0.06  0.85 0.80 0.20 1.2
of6  0.15  0.49  0.34  0.13  0.58 0.73 0.27 2.9
cf1  0.30  0.74 -0.30 -0.06  0.24 0.79 0.21 1.9
cf2 -0.06  0.64  0.00  0.14 -0.12 0.45 0.55 1.2
cf3 -0.05  0.63  0.28  0.11 -0.46 0.70 0.30 2.4
cf4  0.22  0.47  0.22 -0.08  0.02 0.32 0.68 2.0
cf5  0.02  0.90 -0.07  0.10 -0.20 0.87 0.13 1.1
cf6 -0.09  0.81  0.19 -0.05  0.23 0.76 0.24 1.3
ef1  0.66  0.16  0.21  0.56  0.15 0.84 0.16 2.4
ef2  0.83 -0.03  0.07  0.15 -0.02 0.71 0.29 1.1
ef3  0.47  0.16 -0.27 -0.70  0.14 0.83 0.17 2.3
ef4  0.88  0.01 -0.08 -0.15 -0.03 0.80 0.20 1.1
ef5  0.73 -0.31 -0.02 -0.16  0.15 0.68 0.32 1.6
ef6  0.74  0.10 -0.36  0.30  0.27 0.85 0.15 2.2
af1  0.46  0.26 -0.16  0.72  0.04 0.82 0.18 2.1
af2  0.01  0.20 -0.17 -0.30  0.07 0.16 0.84 2.6
af3  0.35  0.36  0.49  0.40  0.01 0.65 0.35 3.7
af4  0.12  0.38  0.32  0.73 -0.21 0.84 0.16 2.2
af5 -0.51  0.04  0.17  0.51  0.03 0.56 0.44 2.2
af6  0.33  0.21  0.62  0.49  0.17 0.81 0.19 3.0
nf1 -0.17  0.05  0.83 -0.14 -0.08 0.74 0.26 1.2
nf2  0.04 -0.03  0.18 -0.70 -0.09 0.54 0.46 1.2
nf3 -0.35 -0.11  0.67 -0.05 -0.09 0.59 0.41 1.6
nf4 -0.13  0.05  0.61  0.18  0.25 0.49 0.51 1.7
nf5  0.33 -0.77 -0.09 -0.13  0.08 0.73 0.27 1.5
nf6 -0.13  0.06  0.91  0.11  0.07 0.86 0.14 1.1

                       PA2  PA3  PA1  PA5  PA4
SS loadings           5.04 4.66 4.40 3.45 2.91
Proportion Var        0.17 0.16 0.15 0.11 0.10
Cumulative Var        0.17 0.32 0.47 0.58 0.68
Proportion Explained  0.25 0.23 0.21 0.17 0.14
Cumulative Proportion 0.25 0.47 0.69 0.86 1.00

Mean item complexity =  1.8
Test of the hypothesis that 5 factors are sufficient.

df null model =  435  with the objective function =  35.97 with Chi Square =  1732.52
df of  the model are 295  and the objective function was  12.52 

The root mean square of the residuals (RMSR) is  0.05 
The df corrected root mean square of the residuals is  0.06 

The harmonic n.obs is  60 with the empirical chi square  141.56  with prob <  1 
The total n.obs was  60  with Likelihood Chi Square =  561.52  with prob <  8.2e-19 

Tucker Lewis Index of factoring reliability =  0.666
RMSEA index =  0.122  and the 90 % confidence intervals are  0.108 0.139
BIC =  -646.31
Fit based upon off diagonal values = 0.97
Measures of factor score adequacy             
                                                   PA2  PA3  PA1  PA5  PA4
Correlation of (regression) scores with factors   0.98 0.98 0.98 0.98 0.96
Multiple R square of scores with factors          0.96 0.97 0.96 0.96 0.93
Minimum correlation of possible factor scores     0.92 0.93 0.92 0.93 0.86
[1] "Residuals:"
      of1   of2   of3   of4   of5   of6   cf1   cf2   cf3   cf4   cf5   cf6   ef1   ef2   ef3   ef4   ef5   ef6   af1   af2   af3   af4   af5
of1  0.33  0.08  0.05 -0.02  0.04 -0.03 -0.03  0.07  0.08  0.07  0.04 -0.05 -0.01 -0.02 -0.04 -0.02  0.06  0.02 -0.02 -0.10 -0.07  0.02 -0.02
of2  0.08  0.35  0.06  0.01 -0.02  0.04 -0.01  0.07 -0.01 -0.10  0.06 -0.03  0.03 -0.04 -0.02  0.00  0.00 -0.04  0.02 -0.04 -0.01 -0.02 -0.01
of3  0.05  0.06  0.39  0.01 -0.02 -0.05 -0.09  0.14 -0.02 -0.08  0.07  0.00  0.07  0.01 -0.02 -0.01 -0.04  0.02  0.01  0.00 -0.02 -0.04 -0.01
of4 -0.02  0.01  0.01  0.39  0.06  0.02  0.00  0.06  0.00 -0.10  0.04 -0.06  0.01 -0.01 -0.03  0.12 -0.03 -0.04 -0.03  0.07  0.02 -0.01  0.04
of5  0.04 -0.02 -0.02  0.06  0.20  0.03  0.00  0.04  0.03  0.03 -0.03 -0.02 -0.01 -0.04  0.00  0.06 -0.05 -0.01  0.00  0.08  0.00  0.01  0.05
of6 -0.03  0.04 -0.05  0.02  0.03  0.27 -0.03 -0.04  0.02 -0.06 -0.02 -0.03  0.02 -0.01  0.08 -0.02  0.01 -0.09  0.02  0.12  0.12  0.05 -0.03
cf1 -0.03 -0.01 -0.09  0.00  0.00 -0.03  0.21  0.00 -0.03  0.11  0.00  0.03 -0.04  0.01 -0.04  0.02  0.02  0.04  0.01 -0.03 -0.03  0.00 -0.02
cf2  0.07  0.07  0.14  0.06  0.04 -0.04  0.00  0.55  0.13 -0.10  0.05  0.02  0.01 -0.01 -0.09  0.04  0.01 -0.01  0.03 -0.04 -0.11  0.00  0.04
cf3  0.08 -0.01 -0.02  0.00  0.03  0.02 -0.03  0.13  0.30  0.15  0.03 -0.09 -0.04 -0.06 -0.03  0.00  0.05 -0.04  0.01 -0.01 -0.01  0.07  0.03
cf4  0.07 -0.10 -0.08 -0.10  0.03 -0.06  0.11 -0.10  0.15  0.68  0.00  0.03 -0.12  0.02 -0.03  0.08  0.08  0.10 -0.05 -0.03 -0.07  0.05  0.04
cf5  0.04  0.06  0.07  0.04 -0.03 -0.02  0.00  0.05  0.03  0.00  0.13 -0.02  0.02 -0.04 -0.03 -0.02 -0.02 -0.01  0.01 -0.03 -0.04 -0.02 -0.03
cf6 -0.05 -0.03  0.00 -0.06 -0.02 -0.03  0.03  0.02 -0.09  0.03 -0.02  0.24 -0.03  0.10 -0.02 -0.02  0.06  0.06 -0.02 -0.09 -0.03 -0.06  0.02
ef1 -0.01  0.03  0.07  0.01 -0.01  0.02 -0.04  0.01 -0.04 -0.12  0.02 -0.03  0.16  0.05  0.03 -0.03 -0.08 -0.01  0.02  0.09  0.07 -0.03  0.00
ef2 -0.02 -0.04  0.01 -0.01 -0.04 -0.01  0.01 -0.01 -0.06  0.02 -0.04  0.10  0.05  0.29 -0.04  0.00  0.06  0.03  0.00 -0.03 -0.05 -0.02  0.03
ef3 -0.04 -0.02 -0.02 -0.03  0.00  0.08 -0.04 -0.09 -0.03 -0.03 -0.03 -0.02  0.03 -0.04  0.17 -0.01 -0.05 -0.04  0.06  0.14  0.09  0.01 -0.08
ef4 -0.02  0.00 -0.01  0.12  0.06 -0.02  0.02  0.04  0.00  0.08 -0.02 -0.02 -0.03  0.00 -0.01  0.20 -0.03  0.01 -0.01 -0.07 -0.05 -0.03  0.04
ef5  0.06  0.00 -0.04 -0.03 -0.05  0.01  0.02  0.01  0.05  0.08 -0.02  0.06 -0.08  0.06 -0.05 -0.03  0.32  0.05  0.00 -0.12 -0.05  0.03 -0.03
ef6  0.02 -0.04  0.02 -0.04 -0.01 -0.09  0.04 -0.01 -0.04  0.10 -0.01  0.06 -0.01  0.03 -0.04  0.01  0.05  0.15 -0.02 -0.08 -0.06 -0.02  0.02
af1 -0.02  0.02  0.01 -0.03  0.00  0.02  0.01  0.03  0.01 -0.05  0.01 -0.02  0.02  0.00  0.06 -0.01  0.00 -0.02  0.18 -0.07  0.01  0.00 -0.03
af2 -0.10 -0.04  0.00  0.07  0.08  0.12 -0.03 -0.04 -0.01 -0.03 -0.03 -0.09  0.09 -0.03  0.14 -0.07 -0.12 -0.08 -0.07  0.84  0.08  0.01 -0.03
af3 -0.07 -0.01 -0.02  0.02  0.00  0.12 -0.03 -0.11 -0.01 -0.07 -0.04 -0.03  0.07 -0.05  0.09 -0.05 -0.05 -0.06  0.01  0.08  0.35  0.07 -0.08
af4  0.02 -0.02 -0.04 -0.01  0.01  0.05  0.00  0.00  0.07  0.05 -0.02 -0.06 -0.03 -0.02  0.01 -0.03  0.03 -0.02  0.00  0.01  0.07  0.16 -0.03
af5 -0.02 -0.01 -0.01  0.04  0.05 -0.03 -0.02  0.04  0.03  0.04 -0.03  0.02  0.00  0.03 -0.08  0.04 -0.03  0.02 -0.03 -0.03 -0.08 -0.03  0.44
af6  0.01  0.07  0.05 -0.01 -0.06  0.03 -0.04 -0.08 -0.02 -0.02  0.02 -0.02  0.05 -0.04  0.02 -0.04 -0.02 -0.02 -0.01  0.09  0.13  0.00  0.00
nf1  0.03 -0.09 -0.05  0.02  0.04 -0.09  0.07  0.00  0.05  0.14 -0.03  0.04 -0.07 -0.01 -0.04  0.05  0.03  0.05 -0.02 -0.09 -0.08 -0.02  0.04
nf2  0.03  0.11  0.11 -0.01 -0.04 -0.02 -0.04  0.08  0.04 -0.08  0.01 -0.01  0.05  0.02  0.03 -0.01  0.01 -0.03 -0.03 -0.03  0.03 -0.03  0.02
nf3 -0.06  0.04  0.01 -0.05 -0.06  0.10 -0.04 -0.08 -0.06 -0.09 -0.02 -0.02  0.04  0.03  0.03 -0.07 -0.02 -0.11  0.02  0.05  0.12  0.03 -0.11
nf4 -0.03 -0.09 -0.05 -0.04  0.04 -0.03  0.11  0.00 -0.06  0.14 -0.08  0.05 -0.07  0.05 -0.05  0.07  0.01  0.08 -0.01 -0.08 -0.06  0.00  0.06
nf5  0.03 -0.02 -0.01  0.03  0.08 -0.01  0.02  0.00  0.10  0.08 -0.02 -0.12 -0.05 -0.05 -0.01  0.03  0.05 -0.02  0.01  0.05 -0.04  0.04  0.00
nf6 -0.02 -0.03  0.04  0.06  0.03 -0.01  0.02 -0.01 -0.03 -0.01  0.03  0.02  0.00 -0.02  0.01  0.02 -0.03  0.01  0.02 -0.01 -0.07 -0.03  0.02
      af6   nf1   nf2   nf3   nf4   nf5   nf6
of1  0.01  0.03  0.03 -0.06 -0.03  0.03 -0.02
of2  0.07 -0.09  0.11  0.04 -0.09 -0.02 -0.03
of3  0.05 -0.05  0.11  0.01 -0.05 -0.01  0.04
of4 -0.01  0.02 -0.01 -0.05 -0.04  0.03  0.06
of5 -0.06  0.04 -0.04 -0.06  0.04  0.08  0.03
of6  0.03 -0.09 -0.02  0.10 -0.03 -0.01 -0.01
cf1 -0.04  0.07 -0.04 -0.04  0.11  0.02  0.02
cf2 -0.08  0.00  0.08 -0.08  0.00  0.00 -0.01
cf3 -0.02  0.05  0.04 -0.06 -0.06  0.10 -0.03
cf4 -0.02  0.14 -0.08 -0.09  0.14  0.08 -0.01
cf5  0.02 -0.03  0.01 -0.02 -0.08 -0.02  0.03
cf6 -0.02  0.04 -0.01 -0.02  0.05 -0.12  0.02
ef1  0.05 -0.07  0.05  0.04 -0.07 -0.05  0.00
ef2 -0.04 -0.01  0.02  0.03  0.05 -0.05 -0.02
ef3  0.02 -0.04  0.03  0.03 -0.05 -0.01  0.01
ef4 -0.04  0.05 -0.01 -0.07  0.07  0.03  0.02
ef5 -0.02  0.03  0.01 -0.02  0.01  0.05 -0.03
ef6 -0.02  0.05 -0.03 -0.11  0.08 -0.02  0.01
af1 -0.01 -0.02 -0.03  0.02 -0.01  0.01  0.02
af2  0.09 -0.09 -0.03  0.05 -0.08  0.05 -0.01
af3  0.13 -0.08  0.03  0.12 -0.06 -0.04 -0.07
af4  0.00 -0.02 -0.03  0.03  0.00  0.04 -0.03
af5  0.00  0.04  0.02 -0.11  0.06  0.00  0.02
af6  0.19 -0.06  0.00  0.06 -0.11 -0.05 -0.04
nf1 -0.06  0.26 -0.06 -0.10  0.18  0.07  0.10
nf2  0.00 -0.06  0.46  0.06 -0.09 -0.06 -0.07
nf3  0.06 -0.10  0.06  0.41 -0.04 -0.10 -0.04
nf4 -0.11  0.18 -0.09 -0.04  0.51  0.05  0.06
nf5 -0.05  0.07 -0.06 -0.10  0.05  0.27  0.05
nf6 -0.04  0.10 -0.07 -0.04  0.06  0.05  0.14
[1] "Eigenvalues:"
 [1]  6.20  5.30  3.72  2.79  2.45  1.00  0.56  0.47  0.36  0.15  0.14  0.08  0.04  0.00 -0.01 -0.04 -0.07 -0.08 -0.11 -0.12 -0.15 -0.15 -0.18
[24] -0.19 -0.24 -0.24 -0.25 -0.27 -0.31 -0.38
