[1] "Analyzation  v4.0"
[1] ""
[1] "Using facets:"
 [1] "of1" "of2" "of3" "of4" "of5" "of6" "cf1" "cf2" "cf3" "cf4" "cf5" "cf6" "ef1" "ef2" "ef3" "ef4" "ef5" "ef6" "af1" "af2" "af3" "af4" "af5"
[24] "af6" "nf1" "nf2" "nf3" "nf4" "nf5" "nf6"
[1] ""
[1] "Correlation Matrix:"
      of1   of2   of3   of4   of5   of6   cf1   cf2   cf3   cf4   cf5   cf6   ef1   ef2   ef3   ef4   ef5   ef6   af1   af2   af3   af4   af5
of1  1.00  0.62  0.09  0.10  0.38  0.12 -0.22 -0.13 -0.30 -0.23 -0.35  0.09  0.08  0.01 -0.06 -0.06  0.39  0.26 -0.02 -0.28 -0.10 -0.19 -0.05
of2  0.62  1.00  0.00 -0.11  0.39  0.12 -0.11 -0.14 -0.57 -0.33 -0.42  0.01  0.03 -0.16  0.12 -0.16  0.24  0.16 -0.08 -0.14 -0.15 -0.46 -0.18
of3  0.09  0.00  1.00  0.16 -0.18  0.15 -0.13  0.03  0.10  0.11 -0.03  0.03  0.42  0.35 -0.08  0.04 -0.04 -0.09  0.17  0.03  0.31 -0.06  0.01
of4  0.10 -0.11  0.16  1.00 -0.24  0.01  0.03 -0.05  0.10  0.04 -0.11 -0.20  0.30  0.39  0.12  0.66  0.34  0.35  0.09  0.04  0.34  0.00 -0.01
of5  0.38  0.39 -0.18 -0.24  1.00  0.50  0.31 -0.04 -0.44 -0.05 -0.27  0.56  0.00 -0.15  0.16 -0.29  0.12  0.27  0.14 -0.02  0.03 -0.36 -0.02
of6  0.12  0.12  0.15  0.01  0.50  1.00  0.44  0.04 -0.26  0.19 -0.13  0.50  0.40  0.18  0.40  0.04  0.21  0.29  0.25  0.04  0.49 -0.33 -0.32
cf1 -0.22 -0.11 -0.13  0.03  0.31  0.44  1.00  0.50  0.27  0.67  0.51  0.52  0.08  0.06  0.43  0.39  0.18  0.37  0.22  0.04  0.29  0.02 -0.48
cf2 -0.13 -0.14  0.03 -0.05 -0.04  0.04  0.50  1.00  0.44  0.43  0.68  0.48 -0.14 -0.05  0.11  0.20 -0.02 -0.01 -0.03 -0.05 -0.17  0.10 -0.27
cf3 -0.30 -0.57  0.10  0.10 -0.44 -0.26  0.27  0.44  1.00  0.68  0.73 -0.03 -0.23 -0.07 -0.10  0.32 -0.22 -0.22 -0.15  0.18  0.01  0.77  0.05
cf4 -0.23 -0.33  0.11  0.04 -0.05  0.19  0.67  0.43  0.68  1.00  0.63  0.30 -0.10 -0.07  0.09  0.27 -0.01  0.02 -0.01  0.05  0.22  0.41 -0.16
cf5 -0.35 -0.42 -0.03 -0.11 -0.27 -0.13  0.51  0.68  0.73  0.63  1.00  0.27 -0.23 -0.18  0.10  0.25 -0.24 -0.10  0.00  0.08 -0.05  0.54 -0.22
cf6  0.09  0.01  0.03 -0.20  0.56  0.50  0.52  0.48 -0.03  0.30  0.27  1.00  0.04  0.06  0.15 -0.07  0.05  0.13  0.25 -0.15  0.01 -0.15 -0.10
ef1  0.08  0.03  0.42  0.30  0.00  0.40  0.08 -0.14 -0.23 -0.10 -0.23  0.04  1.00  0.75  0.05  0.21  0.22  0.53  0.69 -0.02  0.58 -0.15 -0.06
ef2  0.01 -0.16  0.35  0.39 -0.15  0.18  0.06 -0.05 -0.07 -0.07 -0.18  0.06  0.75  1.00  0.02  0.39  0.41  0.48  0.67 -0.15  0.35 -0.13 -0.02
ef3 -0.06  0.12 -0.08  0.12  0.16  0.40  0.43  0.11 -0.10  0.09  0.10  0.15  0.05  0.02  1.00  0.33  0.14  0.19 -0.05  0.37  0.08 -0.33 -0.78
ef4 -0.06 -0.16  0.04  0.66 -0.29  0.04  0.39  0.20  0.32  0.27  0.25 -0.07  0.21  0.39  0.33  1.00  0.36  0.40  0.20 -0.02  0.25  0.07 -0.27
ef5  0.39  0.24 -0.04  0.34  0.12  0.21  0.18 -0.02 -0.22 -0.01 -0.24  0.05  0.22  0.41  0.14  0.36  1.00  0.61  0.23 -0.27  0.07 -0.35 -0.26
ef6  0.26  0.16 -0.09  0.35  0.27  0.29  0.37 -0.01 -0.22  0.02 -0.10  0.13  0.53  0.48  0.19  0.40  0.61  1.00  0.63 -0.07  0.25 -0.23 -0.17
af1 -0.02 -0.08  0.17  0.09  0.14  0.25  0.22 -0.03 -0.15 -0.01  0.00  0.25  0.69  0.67 -0.05  0.20  0.23  0.63  1.00 -0.20  0.24 -0.07  0.03
af2 -0.28 -0.14  0.03  0.04 -0.02  0.04  0.04 -0.05  0.18  0.05  0.08 -0.15 -0.02 -0.15  0.37 -0.02 -0.27 -0.07 -0.20  1.00  0.11  0.12 -0.11
af3 -0.10 -0.15  0.31  0.34  0.03  0.49  0.29 -0.17  0.01  0.22 -0.05  0.01  0.58  0.35  0.08  0.25  0.07  0.25  0.24  0.11  1.00  0.04 -0.06
af4 -0.19 -0.46 -0.06  0.00 -0.36 -0.33  0.02  0.10  0.77  0.41  0.54 -0.15 -0.15 -0.13 -0.33  0.07 -0.35 -0.23 -0.07  0.12  0.04  1.00  0.31
af5 -0.05 -0.18  0.01 -0.01 -0.02 -0.32 -0.48 -0.27  0.05 -0.16 -0.22 -0.10 -0.06 -0.02 -0.78 -0.27 -0.26 -0.17  0.03 -0.11 -0.06  0.31  1.00
af6  0.15 -0.02  0.52  0.27 -0.01  0.44 -0.06 -0.24 -0.23 -0.04 -0.28  0.13  0.83  0.60 -0.19  0.06  0.16  0.28  0.50 -0.21  0.65 -0.15  0.17
nf1 -0.23 -0.32  0.53 -0.03 -0.11  0.11  0.11  0.13  0.34  0.43  0.09  0.11  0.06  0.10 -0.03  0.09 -0.17 -0.38 -0.10  0.03  0.12  0.10  0.08
nf2 -0.09  0.14  0.39  0.03 -0.26  0.01  0.03  0.09  0.19  0.18  0.08 -0.24 -0.12 -0.07  0.36  0.18  0.00 -0.31 -0.35  0.35  0.06 -0.05 -0.36
nf3 -0.11 -0.21  0.53 -0.10 -0.31 -0.13 -0.40 -0.20  0.16  0.05 -0.11 -0.23 -0.02 -0.05 -0.39 -0.36 -0.39 -0.61 -0.31  0.02  0.15  0.16  0.31
nf4 -0.02 -0.11  0.05 -0.12  0.39  0.25  0.20 -0.06  0.03  0.24 -0.09  0.35  0.11  0.07 -0.31 -0.04 -0.07 -0.03  0.11 -0.29  0.25  0.15  0.48
nf5  0.33  0.41 -0.12  0.12  0.06 -0.07 -0.26 -0.58 -0.26 -0.27 -0.57 -0.51  0.05 -0.05  0.14  0.13  0.25  0.19 -0.04  0.06 -0.04 -0.12  0.03
nf6 -0.05 -0.21  0.69  0.01 -0.04  0.16 -0.06 -0.09  0.17  0.24 -0.02  0.12  0.31  0.24 -0.22 -0.04 -0.22 -0.25  0.18 -0.08  0.36  0.13  0.32
      af6   nf1   nf2   nf3   nf4   nf5   nf6
of1  0.15 -0.23 -0.09 -0.11 -0.02  0.33 -0.05
of2 -0.02 -0.32  0.14 -0.21 -0.11  0.41 -0.21
of3  0.52  0.53  0.39  0.53  0.05 -0.12  0.69
of4  0.27 -0.03  0.03 -0.10 -0.12  0.12  0.01
of5 -0.01 -0.11 -0.26 -0.31  0.39  0.06 -0.04
of6  0.44  0.11  0.01 -0.13  0.25 -0.07  0.16
cf1 -0.06  0.11  0.03 -0.40  0.20 -0.26 -0.06
cf2 -0.24  0.13  0.09 -0.20 -0.06 -0.58 -0.09
cf3 -0.23  0.34  0.19  0.16  0.03 -0.26  0.17
cf4 -0.04  0.43  0.18  0.05  0.24 -0.27  0.24
cf5 -0.28  0.09  0.08 -0.11 -0.09 -0.57 -0.02
cf6  0.13  0.11 -0.24 -0.23  0.35 -0.51  0.12
ef1  0.83  0.06 -0.12 -0.02  0.11  0.05  0.31
ef2  0.60  0.10 -0.07 -0.05  0.07 -0.05  0.24
ef3 -0.19 -0.03  0.36 -0.39 -0.31  0.14 -0.22
ef4  0.06  0.09  0.18 -0.36 -0.04  0.13 -0.04
ef5  0.16 -0.17  0.00 -0.39 -0.07  0.25 -0.22
ef6  0.28 -0.38 -0.31 -0.61 -0.03  0.19 -0.25
af1  0.50 -0.10 -0.35 -0.31  0.11 -0.04  0.18
af2 -0.21  0.03  0.35  0.02 -0.29  0.06 -0.08
af3  0.65  0.12  0.06  0.15  0.25 -0.04  0.36
af4 -0.15  0.10 -0.05  0.16  0.15 -0.12  0.13
af5  0.17  0.08 -0.36  0.31  0.48  0.03  0.32
af6  1.00  0.20 -0.21  0.25  0.28 -0.05  0.53
nf1  0.20  1.00  0.33  0.49  0.41 -0.13  0.76
nf2 -0.21  0.33  1.00  0.32 -0.27  0.08  0.15
nf3  0.25  0.49  0.32  1.00  0.11 -0.13  0.60
nf4  0.28  0.41 -0.27  0.11  1.00 -0.09  0.44
nf5 -0.05 -0.13  0.08 -0.13 -0.09  1.00 -0.08
nf6  0.53  0.76  0.15  0.60  0.44 -0.08  1.00
Factor Analysis using method =  pa
Call: fa(r = data_temp, nfactors = 5, rotate = "varimax", residuals = TRUE, 
    fm = "pa")
Standardized loadings (pattern matrix) based upon correlation matrix
      PA2   PA1   PA3   PA4   PA5   h2   u2 com
of1 -0.46  0.08 -0.11  0.11 -0.04 0.24 0.76 1.3
of2 -0.64 -0.08 -0.16  0.15  0.17 0.49 0.51 1.4
of3 -0.01  0.26  0.72 -0.03  0.10 0.60 0.40 1.3
of4  0.05  0.55 -0.02 -0.27  0.16 0.40 0.60 1.7
of5 -0.38 -0.09 -0.14  0.74 -0.10 0.74 0.26 1.7
of6 -0.18  0.31  0.20  0.66  0.21 0.64 0.36 2.1
cf1  0.47  0.25 -0.17  0.64  0.34 0.84 0.16 3.0
cf2  0.56 -0.07 -0.14  0.33  0.19 0.48 0.52 2.1
cf3  0.89 -0.05  0.11 -0.20  0.07 0.85 0.15 1.2
cf4  0.69  0.06  0.16  0.30  0.18 0.63 0.37 1.7
cf5  0.88 -0.10 -0.13  0.14  0.15 0.84 0.16 1.2
cf6  0.18  0.02 -0.01  0.84 -0.10 0.76 0.24 1.1
ef1 -0.19  0.81  0.28  0.09 -0.08 0.78 0.22 1.4
ef2 -0.03  0.79  0.16 -0.03 -0.09 0.66 0.34 1.1
ef3 -0.07  0.12 -0.16  0.24  0.79 0.73 0.27 1.3
ef4  0.32  0.58 -0.15 -0.14  0.35 0.60 0.40 2.6
ef5 -0.24  0.48 -0.27  0.09  0.16 0.40 0.60 2.5
ef6 -0.14  0.75 -0.45  0.21  0.00 0.82 0.18 1.9
af1  0.00  0.68 -0.06  0.22 -0.27 0.58 0.42 1.6
af2  0.09 -0.11  0.06 -0.12  0.34 0.16 0.84 1.7
af3  0.04  0.52  0.37  0.13  0.05 0.43 0.57 2.0
af4  0.64 -0.10  0.05 -0.27 -0.25 0.56 0.44 1.8
af5  0.00 -0.12  0.19 -0.23 -0.78 0.71 0.29 1.3
af6 -0.20  0.67  0.51  0.13 -0.29 0.85 0.15 2.6
nf1  0.29 -0.03  0.71  0.11  0.07 0.61 0.39 1.4
nf2  0.04 -0.15  0.38 -0.20  0.69 0.68 0.32 1.9
nf3  0.02 -0.27  0.79 -0.28 -0.13 0.79 0.21 1.6
nf4  0.09  0.05  0.30  0.40 -0.46 0.46 0.54 2.8
nf5 -0.49  0.09 -0.11 -0.30  0.12 0.36 0.64 2.0
nf6  0.11  0.14  0.86  0.10 -0.20 0.82 0.18 1.2

                       PA2  PA1  PA3  PA4  PA5
SS loadings           4.42 4.33 3.69 3.23 2.84
Proportion Var        0.15 0.14 0.12 0.11 0.09
Cumulative Var        0.15 0.29 0.41 0.52 0.62
Proportion Explained  0.24 0.23 0.20 0.17 0.15
Cumulative Proportion 0.24 0.47 0.67 0.85 1.00

Mean item complexity =  1.8
Test of the hypothesis that 5 factors are sufficient.

df null model =  435  with the objective function =  34.74 with Chi Square =  1326.04
df of  the model are 295  and the objective function was  15.7 

The root mean square of the residuals (RMSR) is  0.07 
The df corrected root mean square of the residuals is  0.09 

The harmonic n.obs is  50 with the empirical chi square  219.36  with prob <  1 
The total n.obs was  50  with Likelihood Chi Square =  546.81  with prob <  2.7e-17 

Tucker Lewis Index of factoring reliability =  0.521
RMSEA index =  0.129  and the 90 % confidence intervals are  0.115 0.149
BIC =  -607.23
Fit based upon off diagonal values = 0.93[1] "Residuals:"
      of1   of2   of3   of4   of5   of6   cf1   cf2   cf3   cf4   cf5   cf6   ef1   ef2   ef3   ef4   ef5   ef6   af1   af2   af3   af4   af5
of1  0.76  0.30  0.15  0.11  0.11 -0.03 -0.10  0.09  0.15  0.08  0.04  0.08 -0.06 -0.05 -0.11  0.06  0.21  0.06 -0.12 -0.19 -0.10  0.14 -0.02
of2  0.30  0.51  0.12 -0.02  0.02 -0.07  0.02  0.10  0.02  0.07  0.07  0.00  0.02 -0.07 -0.11  0.03  0.04  0.03 -0.03 -0.12 -0.05  0.03  0.02
of3  0.15  0.12  0.40  0.01 -0.03 -0.08 -0.08  0.14  0.03 -0.03  0.09  0.07  0.02  0.03 -0.08 -0.03  0.02  0.04  0.07 -0.03 -0.09 -0.05 -0.02
of4  0.11 -0.02  0.01  0.60  0.05  0.00 -0.01  0.02  0.02  0.03 -0.08  0.03 -0.10 -0.04  0.00  0.23  0.08  0.00 -0.18  0.01  0.09 -0.01  0.12
of5  0.11  0.02 -0.03  0.05  0.26  0.02  0.05 -0.08  0.07  0.04 -0.05 -0.01 -0.04 -0.05  0.03  0.01 -0.02  0.07  0.00  0.14  0.05  0.06  0.08
of6 -0.03 -0.07 -0.08  0.00  0.02  0.36 -0.01 -0.07  0.01  0.03 -0.04  0.00  0.02 -0.06  0.05 -0.04 -0.02 -0.02 -0.04  0.09  0.16  0.04 -0.01
cf1 -0.10  0.02 -0.08 -0.01  0.05 -0.01  0.16 -0.05 -0.01  0.11 -0.05 -0.07 -0.02 -0.04 -0.01  0.03  0.01  0.03 -0.01 -0.01  0.10  0.01 -0.01
cf2  0.09  0.10  0.14  0.02 -0.08 -0.07 -0.05  0.52  0.01 -0.06  0.09  0.12  0.04  0.06 -0.09  0.02  0.05 -0.02 -0.02 -0.12 -0.16 -0.12 -0.03
cf3  0.15  0.02  0.03  0.02  0.07  0.01 -0.01  0.01  0.15  0.10 -0.02  0.00 -0.03 -0.02 -0.02  0.03  0.05  0.04 -0.04  0.04 -0.02  0.16  0.03
cf4  0.08  0.07 -0.03  0.03  0.04  0.03  0.11 -0.06  0.10  0.37 -0.01 -0.05 -0.08 -0.10 -0.06  0.02  0.11  0.08 -0.06 -0.04  0.05  0.09  0.03
cf5  0.04  0.07  0.09 -0.08 -0.05 -0.04 -0.05  0.09 -0.02 -0.01  0.16  0.02  0.05 -0.04  0.00 -0.03 -0.05  0.01  0.07 -0.04 -0.01  0.05 -0.06
cf6  0.08  0.00  0.07  0.03 -0.01  0.00 -0.07  0.12  0.00 -0.05  0.02  0.24 -0.02  0.07  0.03  0.01  0.02 -0.04  0.02 -0.02 -0.10 -0.05  0.01
ef1 -0.06  0.02  0.02 -0.10 -0.04  0.02 -0.02  0.04 -0.03 -0.08  0.05 -0.02  0.22  0.05  0.03 -0.11 -0.13  0.00  0.12  0.11  0.06  0.04 -0.06
ef2 -0.05 -0.07  0.03 -0.04 -0.05 -0.06 -0.04  0.06 -0.02 -0.10 -0.04  0.07  0.05  0.34  0.03 -0.01  0.08 -0.04  0.13 -0.04 -0.11 -0.06 -0.03
ef3 -0.11 -0.11 -0.08  0.00  0.03  0.05 -0.01 -0.09 -0.02 -0.06  0.00  0.03  0.03  0.03  0.27  0.02 -0.12 -0.03  0.02  0.16  0.01 -0.01 -0.06
ef4  0.06  0.03 -0.03  0.23  0.01 -0.04  0.03  0.02  0.03  0.02 -0.03  0.01 -0.11 -0.01  0.02  0.40  0.08 -0.02 -0.07 -0.12 -0.01 -0.02  0.07
ef5  0.21  0.04  0.02  0.08 -0.02 -0.02  0.01  0.05  0.05  0.11 -0.05  0.02 -0.13  0.08 -0.12  0.08  0.60  0.08 -0.09 -0.23 -0.09 -0.07 -0.01
ef6  0.06  0.03  0.04  0.00  0.07 -0.02  0.03 -0.02  0.04  0.08  0.01 -0.04  0.00 -0.04 -0.03 -0.02  0.08  0.18  0.05  0.08  0.00  0.02  0.06
af1 -0.12 -0.03  0.07 -0.18  0.00 -0.04 -0.01 -0.02 -0.04 -0.06  0.07  0.02  0.12  0.13  0.02 -0.07 -0.09  0.05  0.42  0.00 -0.11  0.00 -0.04
af2 -0.19 -0.12 -0.03  0.01  0.14  0.09 -0.01 -0.12  0.04 -0.04 -0.04 -0.02  0.11 -0.04  0.16 -0.12 -0.23  0.08  0.00  0.84  0.14  0.10  0.11
af3 -0.10 -0.05 -0.09  0.09  0.05  0.16  0.10 -0.16 -0.02  0.05 -0.01 -0.10  0.06 -0.11  0.01 -0.01 -0.09  0.00 -0.11  0.14  0.57  0.10  0.00
af4  0.14  0.03 -0.05 -0.01  0.06  0.04  0.01 -0.12  0.16  0.09  0.05 -0.05  0.04 -0.06 -0.01 -0.02 -0.07  0.02  0.00  0.10  0.10  0.44  0.03
af5 -0.02  0.02 -0.02  0.12  0.08 -0.01 -0.01 -0.03  0.03  0.03 -0.06  0.01 -0.06 -0.03 -0.06  0.07 -0.01  0.06 -0.04  0.11  0.00  0.03  0.29
af6  0.03  0.01  0.01  0.01 -0.08  0.06 -0.03  0.00 -0.03 -0.01  0.06  0.02  0.07 -0.04 -0.01 -0.06 -0.04 -0.05 -0.03 -0.03  0.12 -0.01 -0.05
nf1 -0.02 -0.05  0.03  0.01  0.02 -0.05  0.02  0.02  0.02  0.07 -0.09 -0.02 -0.05  0.04  0.02  0.12  0.09 -0.02 -0.04 -0.06 -0.16 -0.07  0.02
nf2  0.03  0.13  0.08 -0.04  0.01 -0.03  0.01  0.04  0.02  0.03  0.01 -0.01 -0.02  0.04 -0.06  0.04  0.09  0.02  0.01  0.04 -0.02  0.01  0.04
nf3  0.03 -0.03  0.03  0.00 -0.03  0.01  0.02 -0.01  0.00  0.03  0.00  0.00  0.00  0.02 -0.06 -0.08  0.01  0.01 -0.06 -0.05  0.04 -0.02 -0.04
nf4 -0.01  0.01 -0.11  0.03  0.13  0.03  0.10 -0.11  0.03  0.09 -0.12 -0.05 -0.07 -0.03  0.00  0.16  0.05  0.00 -0.11 -0.10  0.08  0.08  0.16
nf5  0.12  0.12 -0.09 -0.01  0.10  0.01  0.08 -0.24  0.11  0.14 -0.12 -0.16 -0.05 -0.12  0.06  0.13  0.07  0.07 -0.01  0.04  0.01  0.15  0.09
nf6  0.06  0.03  0.06  0.00  0.04 -0.06  0.00 -0.02  0.02  0.02  0.02  0.00 -0.05 -0.01  0.03  0.06  0.00  0.02  0.06 -0.05 -0.04  0.01  0.04
      af6   nf1   nf2   nf3   nf4   nf5   nf6
of1  0.03 -0.02  0.03  0.03 -0.01  0.12  0.06
of2  0.01 -0.05  0.13 -0.03  0.01  0.12  0.03
of3  0.01  0.03  0.08  0.03 -0.11 -0.09  0.06
of4  0.01  0.01 -0.04  0.00  0.03 -0.01  0.00
of5 -0.08  0.02  0.01 -0.03  0.13  0.10  0.04
of6  0.06 -0.05 -0.03  0.01  0.03  0.01 -0.06
cf1 -0.03  0.02  0.01  0.02  0.10  0.08  0.00
cf2  0.00  0.02  0.04 -0.01 -0.11 -0.24 -0.02
cf3 -0.03  0.02  0.02  0.00  0.03  0.11  0.02
cf4 -0.01  0.07  0.03  0.03  0.09  0.14  0.02
cf5  0.06 -0.09  0.01  0.00 -0.12 -0.12  0.02
cf6  0.02 -0.02 -0.01  0.00 -0.05 -0.16  0.00
ef1  0.07 -0.05 -0.02  0.00 -0.07 -0.05 -0.05
ef2 -0.04  0.04  0.04  0.02 -0.03 -0.12 -0.01
ef3 -0.01  0.02 -0.06 -0.06  0.00  0.06  0.03
ef4 -0.06  0.12  0.04 -0.08  0.16  0.13  0.06
ef5 -0.04  0.09  0.09  0.01  0.05  0.07  0.00
ef6 -0.05 -0.02  0.02  0.01  0.00  0.07  0.02
af1 -0.03 -0.04  0.01 -0.06 -0.11 -0.01  0.06
af2 -0.03 -0.06  0.04 -0.05 -0.10  0.04 -0.05
af3  0.12 -0.16 -0.02  0.04  0.08  0.01 -0.04
af4 -0.01 -0.07  0.01 -0.02  0.08  0.15  0.01
af5 -0.05  0.02  0.04 -0.04  0.16  0.09  0.04
af6  0.15 -0.07 -0.07  0.03 -0.07 -0.08 -0.05
nf1 -0.07  0.39  0.01 -0.05  0.16  0.11  0.12
nf2 -0.07  0.01  0.32  0.02  0.02  0.01  0.00
nf3  0.03 -0.05  0.02  0.21 -0.06 -0.08 -0.04
nf4 -0.07  0.16  0.02 -0.06  0.54  0.15  0.04
nf5 -0.08  0.11  0.01 -0.08  0.15  0.64  0.11
nf6 -0.05  0.12  0.00 -0.04  0.04  0.11  0.18
[1] "Eigenvalues:"
 [1]  5.01  4.50  4.04  2.66  2.30  1.15  1.04  0.59  0.48  0.31  0.20  0.14  0.07 -0.01 -0.03 -0.10 -0.12 -0.13 -0.17 -0.18 -0.19 -0.21 -0.23
[24] -0.25 -0.29 -0.35 -0.36 -0.42 -0.44 -0.49
