[1] "Analyzation  v3.1"
[1] ""
[1] "Using facets:"
 [1] "of4" "of5" "of6" "cf1" "cf3" "cf4" "ef2" "ef4" "ef5" "af2" "af4" "af5" "nf1" "nf2" "nf4"
[1] ""
[1] "Correlation Matrix:"
      of4   of5   of6   cf1   cf3   cf4   ef2   ef4   ef5   af2   af4   af5   nf1   nf2   nf4
of4  1.00 -0.38 -0.21  0.21  0.16  0.07  0.67  0.75  0.43  0.35  0.06 -0.37 -0.07  0.07 -0.23
of5 -0.38  1.00  0.58  0.31 -0.27  0.10 -0.21 -0.15 -0.22  0.02 -0.09  0.38 -0.11 -0.14  0.21
of6 -0.21  0.58  1.00  0.32  0.13  0.42  0.00  0.01  0.07  0.18  0.19  0.23  0.02  0.03  0.22
cf1  0.21  0.31  0.32  1.00  0.39  0.47  0.31  0.26  0.16  0.19  0.23 -0.04 -0.28 -0.06 -0.06
cf3  0.16 -0.27  0.13  0.39  1.00  0.68  0.16  0.18 -0.03  0.18  0.48 -0.16  0.17  0.17  0.07
cf4  0.07  0.10  0.42  0.47  0.68  1.00  0.16  0.12 -0.07  0.26  0.44 -0.06  0.24  0.05  0.27
ef2  0.67 -0.21  0.00  0.31  0.16  0.16  1.00  0.71  0.54  0.24  0.34 -0.18 -0.05 -0.09  0.00
ef4  0.75 -0.15  0.01  0.26  0.18  0.12  0.71  1.00  0.49  0.22  0.12 -0.23 -0.03  0.12 -0.14
ef5  0.43 -0.22  0.07  0.16 -0.03 -0.07  0.54  0.49  1.00 -0.01 -0.01 -0.41 -0.14  0.08 -0.19
af2  0.35  0.02  0.18  0.19  0.18  0.26  0.24  0.22 -0.01  1.00  0.07 -0.13 -0.10  0.18 -0.21
af4  0.06 -0.09  0.19  0.23  0.48  0.44  0.34  0.12 -0.01  0.07  1.00  0.26  0.22 -0.40  0.45
af5 -0.37  0.38  0.23 -0.04 -0.16 -0.06 -0.18 -0.23 -0.41 -0.13  0.26  1.00  0.30 -0.17  0.53
nf1 -0.07 -0.11  0.02 -0.28  0.17  0.24 -0.05 -0.03 -0.14 -0.10  0.22  0.30  1.00  0.24  0.75
nf2  0.07 -0.14  0.03 -0.06  0.17  0.05 -0.09  0.12  0.08  0.18 -0.40 -0.17  0.24  1.00 -0.10
nf4 -0.23  0.21  0.22 -0.06  0.07  0.27  0.00 -0.14 -0.19 -0.21  0.45  0.53  0.75 -0.10  1.00
Factor Analysis using method =  pa
Call: fa(r = data_facets, nfactors = 5, rotate = "varimax", residuals = TRUE, 
    fm = "pa")
Standardized loadings (pattern matrix) based upon correlation matrix
      PA1   PA4   PA2   PA3   PA5   h2    u2 com
of4  0.81  0.11 -0.11 -0.21 -0.07 0.74 0.262 1.2
of5 -0.21 -0.14  0.03  0.95  0.05 0.96 0.037 1.1
of6 -0.02  0.27  0.10  0.65 -0.01 0.51 0.493 1.4
cf1  0.26  0.46 -0.22  0.42  0.13 0.52 0.483 3.3
cf3  0.06  0.90  0.05 -0.15 -0.03 0.83 0.169 1.1
cf4  0.05  0.82  0.16  0.24 -0.02 0.75 0.247 1.3
ef2  0.87  0.14  0.04 -0.01  0.22 0.82 0.181 1.2
ef4  0.84  0.11 -0.01  0.02 -0.08 0.73 0.274 1.1
ef5  0.59 -0.05 -0.14 -0.05 -0.05 0.37 0.630 1.2
af2  0.24  0.26 -0.14  0.12 -0.15 0.19 0.815 3.7
af4  0.13  0.50  0.35 -0.01  0.65 0.81 0.190 2.6
af5 -0.29 -0.13  0.46  0.30  0.26 0.47 0.530 3.4
nf1 -0.05  0.12  0.92 -0.15 -0.25 0.95 0.054 1.2
nf2  0.05  0.11  0.06 -0.05 -0.73 0.55 0.453 1.1
nf4 -0.12  0.08  0.88  0.17  0.21 0.86 0.135 1.3

                       PA1  PA4  PA2  PA3  PA5
SS loadings           2.76 2.18 2.10 1.78 1.22
Proportion Var        0.18 0.15 0.14 0.12 0.08
Cumulative Var        0.18 0.33 0.47 0.59 0.67
Proportion Explained  0.27 0.22 0.21 0.18 0.12
Cumulative Proportion 0.27 0.49 0.70 0.88 1.00

Mean item complexity =  1.7
Test of the hypothesis that 5 factors are sufficient.

df null model =  105  with the objective function =  8.99 with Chi Square =  388.06
df of  the model are 40  and the objective function was  1.12 

The root mean square of the residuals (RMSR) is  0.04 
The df corrected root mean square of the residuals is  0.06 

The harmonic n.obs is  50 with the empirical chi square  16.86  with prob <  1 
The total n.obs was  50  with Likelihood Chi Square =  44.45  with prob <  0.29 

Tucker Lewis Index of factoring reliability =  0.954
RMSEA index =  0.043  and the 90 % confidence intervals are  0 0.113
BIC =  -112.03
Fit based upon off diagonal values = 0.98
Measures of factor score adequacy             
                                                   PA1  PA4  PA2  PA3  PA5
Correlation of (regression) scores with factors   0.95 0.95 0.98 0.99 0.91
Multiple R square of scores with factors          0.91 0.90 0.96 0.97 0.83
Minimum correlation of possible factor scores     0.82 0.81 0.92 0.95 0.66
[1] "Residuals:"
      of4   of5   of6   cf1   cf3   cf4   ef2   ef4   ef5   af2   af4   af5   nf1   nf2   nf4
of4  0.26  0.01 -0.08  0.02 -0.01  0.00 -0.03  0.05 -0.07  0.13 -0.02  0.02  0.02 -0.04  0.01
of5  0.01  0.04 -0.01  0.03  0.00 -0.01 -0.01  0.02 -0.05  0.00 -0.02 -0.01  0.02 -0.03  0.00
of6 -0.08 -0.01  0.49 -0.05 -0.02  0.03 -0.01 -0.01  0.14  0.05  0.04  0.01 -0.01  0.02 -0.01
cf1  0.02  0.03 -0.05  0.48  0.04  0.02  0.00 -0.01  0.03 -0.06 -0.03  0.03 -0.03  0.01  0.02
cf3 -0.01  0.00 -0.02  0.04  0.17 -0.02  0.00  0.03 -0.03 -0.05  0.02  0.00  0.00  0.03  0.00
cf4  0.00 -0.01  0.03  0.02 -0.02  0.25  0.00 -0.02 -0.02  0.02 -0.02 -0.08  0.03 -0.05  0.03
ef2 -0.03 -0.01 -0.01  0.00  0.00  0.00  0.18 -0.02  0.05  0.03  0.00  0.02 -0.01  0.01  0.01
ef4  0.05  0.02 -0.01 -0.01  0.03 -0.02 -0.02  0.27 -0.01 -0.02  0.01  0.05  0.00  0.01 -0.02
ef5 -0.07 -0.05  0.14  0.03 -0.03 -0.02  0.05 -0.01  0.63 -0.16  0.02 -0.15  0.01  0.02  0.02
af2  0.13  0.00  0.05 -0.06 -0.05  0.02  0.03 -0.02 -0.16  0.81  0.05  0.04 -0.01  0.04 -0.07
af4 -0.02 -0.02  0.04 -0.03  0.02 -0.02  0.00  0.01  0.02  0.05  0.19  0.03  0.00 -0.01 -0.02
af5  0.02 -0.01  0.01  0.03  0.00 -0.08  0.02  0.05 -0.15  0.04  0.03  0.53 -0.01  0.04  0.00
nf1  0.02  0.02 -0.01 -0.03  0.00  0.03 -0.01  0.00  0.01 -0.01  0.00 -0.01  0.05 -0.01  0.00
nf2 -0.04 -0.03  0.02  0.01  0.03 -0.05  0.01  0.01  0.02  0.04 -0.01  0.04 -0.01  0.45  0.01
nf4  0.01  0.00 -0.01  0.02  0.00  0.03  0.01 -0.02  0.02 -0.07 -0.02  0.00  0.00  0.01  0.14
[1] "Eigenvalues:"
 [1]  3.28  2.73  1.72  1.28  1.03  0.34  0.18  0.15  0.06  0.00 -0.04 -0.05 -0.10 -0.21 -0.32
