[1] "Analyzation  v5.1"
[1] ""
[1] "Using facets:"
 [1] "of3b" "of1"  "of2"  "of5"  "cf2b" "cf3b" "cf3"  "cf5"  "ef2"  "ef3b" "ef4"  "ef5"  "af1b" "af1"  "af3"  "af6"  "nf1"  "nf4"  "nf6" 
[1] ""
[1] "Correlation Matrix:"
      of3b   of1   of2   of5  cf2b  cf3b   cf3   cf5   ef2  ef3b   ef4   ef5 af1b   af1  af3   af6   nf1   nf4   nf6
of3b  1.00  0.64  0.73  0.80 -0.16 -0.31 -0.36 -0.15 -0.28  0.10 -0.01 -0.01 0.19 -0.07 0.06  0.35  0.20  0.38  0.36
of1   0.64  1.00  0.52  0.33 -0.30 -0.27 -0.25 -0.26 -0.12  0.02 -0.07  0.22 0.20 -0.08 0.08  0.44  0.27  0.25  0.40
of2   0.73  0.52  1.00  0.68 -0.21 -0.31 -0.40 -0.16 -0.25 -0.07 -0.07 -0.07 0.25 -0.15 0.06  0.36  0.10  0.22  0.29
of5   0.80  0.33  0.68  1.00  0.14 -0.07 -0.15  0.12 -0.32  0.03  0.00 -0.21 0.17  0.00 0.08  0.15  0.09  0.41  0.23
cf2b -0.16 -0.30 -0.21  0.14  1.00  0.80  0.75  0.90  0.02  0.15  0.25 -0.16 0.17  0.21 0.21 -0.02  0.06  0.15  0.05
cf3b -0.31 -0.27 -0.31 -0.07  0.80  1.00  0.96  0.81  0.09 -0.04  0.11 -0.16 0.16  0.14 0.22  0.07  0.24  0.15  0.17
cf3  -0.36 -0.25 -0.40 -0.15  0.75  0.96  1.00  0.74  0.12 -0.01  0.11 -0.11 0.15  0.19 0.20  0.06  0.22  0.09  0.10
cf5  -0.15 -0.26 -0.16  0.12  0.90  0.81  0.74  1.00  0.08  0.13  0.23 -0.17 0.18  0.19 0.24  0.02  0.03  0.17  0.05
ef2  -0.28 -0.12 -0.25 -0.32  0.02  0.09  0.12  0.08  1.00  0.46  0.62  0.58 0.35  0.47 0.44  0.32 -0.05 -0.08  0.07
ef3b  0.10  0.02 -0.07  0.03  0.15 -0.04 -0.01  0.13  0.46  1.00  0.87  0.68 0.03  0.18 0.12 -0.01  0.02 -0.10  0.00
ef4  -0.01 -0.07 -0.07  0.00  0.25  0.11  0.11  0.23  0.62  0.87  1.00  0.65 0.08  0.21 0.20  0.03  0.00 -0.09  0.03
ef5  -0.01  0.22 -0.07 -0.21 -0.16 -0.16 -0.11 -0.17  0.58  0.68  0.65  1.00 0.06  0.16 0.14  0.04 -0.08 -0.22 -0.09
af1b  0.19  0.20  0.25  0.17  0.17  0.16  0.15  0.18  0.35  0.03  0.08  0.06 1.00  0.39 0.88  0.87  0.33  0.39  0.63
af1  -0.07 -0.08 -0.15  0.00  0.21  0.14  0.19  0.19  0.47  0.18  0.21  0.16 0.39  1.00 0.34  0.33 -0.26 -0.03  0.04
af3   0.06  0.08  0.06  0.08  0.21  0.22  0.20  0.24  0.44  0.12  0.20  0.14 0.88  0.34 1.00  0.68  0.26  0.39  0.51
af6   0.35  0.44  0.36  0.15 -0.02  0.07  0.06  0.02  0.32 -0.01  0.03  0.04 0.87  0.33 0.68  1.00  0.46  0.40  0.73
nf1   0.20  0.27  0.10  0.09  0.06  0.24  0.22  0.03 -0.05  0.02  0.00 -0.08 0.33 -0.26 0.26  0.46  1.00  0.72  0.83
nf4   0.38  0.25  0.22  0.41  0.15  0.15  0.09  0.17 -0.08 -0.10 -0.09 -0.22 0.39 -0.03 0.39  0.40  0.72  1.00  0.78
nf6   0.36  0.40  0.29  0.23  0.05  0.17  0.10  0.05  0.07  0.00  0.03 -0.09 0.63  0.04 0.51  0.73  0.83  0.78  1.00
Factor Analysis using method =  pa
Call: fa(r = data_facets, nfactors = 5, rotate = "varimax", residuals = TRUE, 
    fm = "pa")
Standardized loadings (pattern matrix) based upon correlation matrix
       PA2   PA4   PA1   PA3   PA5   h2    u2 com
of3b -0.19  0.91  0.04  0.04  0.20 0.90 0.100 1.2
of1  -0.32  0.47  0.12  0.05  0.30 0.43 0.569 2.7
of2  -0.24  0.77  0.11 -0.09  0.10 0.67 0.327 1.3
of5   0.14  0.90  0.00 -0.06  0.05 0.83 0.169 1.1
cf2b  0.94  0.03  0.07  0.06 -0.02 0.89 0.110 1.0
cf3b  0.89 -0.22  0.09 -0.05  0.18 0.88 0.117 1.2
cf3   0.83 -0.29  0.10 -0.02  0.14 0.81 0.192 1.3
cf5   0.92  0.03  0.11  0.05 -0.03 0.86 0.140 1.0
ef2  -0.01 -0.34  0.52  0.60 -0.06 0.74 0.255 2.6
ef3b  0.07  0.08 -0.01  0.91  0.00 0.84 0.158 1.0
ef4   0.19  0.02  0.08  0.92 -0.02 0.89 0.108 1.1
ef5  -0.22 -0.10  0.12  0.77 -0.06 0.67 0.331 1.3
af1b  0.09  0.16  0.92  0.00  0.27 0.95 0.049 1.3
af1   0.16 -0.05  0.52  0.18 -0.24 0.39 0.613 1.9
af3   0.16  0.03  0.78  0.12  0.24 0.71 0.291 1.3
af6  -0.07  0.22  0.80 -0.01  0.42 0.86 0.140 1.7
nf1   0.08  0.03  0.03  0.00  0.99 0.98 0.017 1.0
nf4   0.15  0.30  0.19 -0.13  0.67 0.62 0.379 1.8
nf6   0.03  0.22  0.41 -0.02  0.84 0.92 0.079 1.6

                       PA2  PA4  PA1  PA3  PA5
SS loadings           3.60 2.92 2.91 2.72 2.70
Proportion Var        0.19 0.15 0.15 0.14 0.14
Cumulative Var        0.19 0.34 0.50 0.64 0.78
Proportion Explained  0.24 0.20 0.20 0.18 0.18
Cumulative Proportion 0.24 0.44 0.64 0.82 1.00

Mean item complexity =  1.4
Test of the hypothesis that 5 factors are sufficient.

df null model =  171  with the objective function =  23.71 with Chi Square =  754.68
df of  the model are 86  and the objective function was  5.89 

The root mean square of the residuals (RMSR) is  0.04 
The df corrected root mean square of the residuals is  0.05 

The harmonic n.obs is  40 with the empirical chi square  18.15  with prob <  1 
The total n.obs was  40  with Likelihood Chi Square =  168  with prob <  3e-07 

Tucker Lewis Index of factoring reliability =  0.677
RMSEA index =  0.152  and the 90 % confidence intervals are  0.121 0.191
BIC =  -149.24
Fit based upon off diagonal values = 0.99[1] "Residuals:"
      of3b   of1   of2   of5  cf2b  cf3b   cf3   cf5   ef2  ef3b   ef4   ef5  af1b   af1   af3   af6   nf1   nf4   nf6
of3b  0.10  0.08 -0.03  0.01 -0.01  0.02  0.03 -0.01  0.00  0.01 -0.02  0.01 -0.02  0.03 -0.02  0.02 -0.01  0.00 -0.02
of1   0.08  0.57  0.05 -0.06 -0.02  0.06  0.10  0.01 -0.03 -0.04 -0.07  0.16 -0.04  0.00 -0.06  0.09 -0.02 -0.06  0.01
of2  -0.03  0.05  0.33  0.02 -0.01  0.03 -0.01  0.03  0.01 -0.04  0.04  0.01  0.03 -0.09 -0.03  0.05  0.00 -0.07  0.00
of5   0.01 -0.06  0.02  0.17 -0.01 -0.01 -0.01 -0.04  0.02  0.01  0.02 -0.04  0.00  0.05  0.03 -0.06  0.01  0.08 -0.01
cf2b -0.01 -0.02 -0.01 -0.01  0.11 -0.03 -0.02  0.03 -0.04  0.02  0.01 -0.01  0.02  0.01  0.00  0.00  0.00  0.01  0.00
cf3b  0.02  0.06  0.03 -0.01 -0.03  0.12  0.12  0.00  0.01 -0.04 -0.01  0.05 -0.02 -0.02 -0.03  0.03  0.00 -0.06  0.00
cf3   0.03  0.10 -0.01 -0.01 -0.02  0.12  0.19 -0.02  0.00 -0.03 -0.03  0.06 -0.02  0.02 -0.04  0.04  0.01 -0.07 -0.02
cf5  -0.01  0.01  0.03 -0.04  0.03  0.00 -0.02  0.14  0.00  0.01  0.00 -0.01  0.00 -0.03  0.01  0.00 -0.02  0.03 -0.01
ef2   0.00 -0.03  0.01  0.02 -0.04  0.01  0.00  0.00  0.26 -0.05  0.03  0.02 -0.05  0.07 -0.01  0.01  0.00  0.05  0.00
ef3b  0.01 -0.04 -0.04  0.01  0.02 -0.04 -0.03  0.01 -0.05  0.16  0.02  0.00  0.02  0.02  0.01 -0.01  0.02 -0.01  0.01
ef4  -0.02 -0.07  0.04  0.02  0.01 -0.01 -0.03  0.00  0.03  0.02  0.11 -0.03  0.00 -0.03  0.01  0.00  0.00 -0.01  0.03
ef5   0.01  0.16  0.01 -0.04 -0.01  0.05  0.06 -0.01  0.02  0.00 -0.03  0.33  0.01 -0.02  0.01 -0.02 -0.01 -0.04 -0.04
af1b -0.02 -0.04  0.03  0.00  0.02 -0.02 -0.02  0.00 -0.05  0.02  0.00  0.01  0.05 -0.03  0.08  0.00  0.02 -0.03 -0.01
af1   0.03  0.00 -0.09  0.05  0.01 -0.02  0.02 -0.03  0.07  0.02 -0.03 -0.02 -0.03  0.61 -0.06  0.04 -0.05  0.05  0.03
af3  -0.02 -0.06 -0.03  0.03  0.00 -0.03 -0.04  0.01 -0.01  0.01  0.01  0.01  0.08 -0.06  0.29 -0.04 -0.01  0.06 -0.02
af6   0.02  0.09  0.05 -0.06  0.00  0.03  0.04  0.00  0.01 -0.01  0.00 -0.02  0.00  0.04 -0.04  0.14  0.02 -0.09  0.01
nf1  -0.01 -0.02  0.00  0.01  0.00  0.00  0.01 -0.02  0.00  0.02  0.00 -0.01  0.02 -0.05 -0.01  0.02  0.02  0.03 -0.02
nf4   0.00 -0.06 -0.07  0.08  0.01 -0.06 -0.07  0.03  0.05 -0.01 -0.01 -0.04 -0.03  0.05  0.06 -0.09  0.03  0.38  0.06
nf6  -0.02  0.01  0.00 -0.01  0.00  0.00 -0.02 -0.01  0.00  0.01  0.03 -0.04 -0.01  0.03 -0.02  0.01 -0.02  0.06  0.08
[1] "Eigenvalues:"
 [1]  4.61  4.15  2.96  1.83  1.31  0.46  0.23  0.13  0.12  0.06  0.01 -0.02 -0.05 -0.10 -0.11 -0.14 -0.17 -0.19 -0.23
