[1] "Analyzation  v4.0"
[1] ""
[1] "Using facets:"
 [1] "of1" "of2" "of3" "of4" "of5" "of6" "cf1" "cf2" "cf3" "cf4" "cf5" "cf6" "ef1" "ef2" "ef3" "ef4" "ef5" "ef6" "af1" "af2" "af3" "af4" "af5"
[24] "af6" "nf1" "nf2" "nf3" "nf4" "nf5" "nf6"
[1] ""
[1] "Correlation Matrix:"
      of1   of2   of3   of4   of5   of6   cf1   cf2   cf3   cf4   cf5   cf6   ef1   ef2   ef3   ef4   ef5   ef6   af1   af2   af3   af4   af5
of1  1.00  0.62  0.17  0.06  0.26  0.01 -0.19 -0.12 -0.25 -0.19 -0.28 -0.05  0.02 -0.01 -0.11 -0.09  0.25  0.12 -0.02 -0.58 -0.12 -0.20 -0.19
of2  0.62  1.00  0.03 -0.14  0.34  0.11 -0.08 -0.12 -0.55 -0.30 -0.38 -0.02 -0.01 -0.13  0.19 -0.15  0.23  0.16 -0.07 -0.43 -0.19 -0.51 -0.33
of3  0.17  0.03  1.00  0.10 -0.26 -0.01 -0.25 -0.03  0.09  0.00 -0.08 -0.14  0.35  0.28 -0.16 -0.04 -0.11 -0.16  0.04 -0.07  0.17 -0.01 -0.05
of4  0.06 -0.14  0.10  1.00 -0.30 -0.08  0.04  0.11  0.18  0.18  0.09 -0.21  0.12  0.22  0.20  0.75  0.25  0.26 -0.01  0.01  0.27  0.11 -0.09
of5  0.26  0.34 -0.26 -0.30  1.00  0.50  0.38  0.03 -0.36  0.06 -0.15  0.55 -0.02 -0.08  0.21 -0.24  0.04  0.25  0.24 -0.20 -0.04 -0.26  0.03
of6  0.01  0.11 -0.01 -0.08  0.50  1.00  0.46  0.13 -0.20  0.26 -0.03  0.47  0.39  0.17  0.39 -0.02  0.22  0.33  0.24  0.07  0.45 -0.31 -0.26
cf1 -0.19 -0.08 -0.25  0.04  0.38  0.46  1.00  0.55  0.28  0.72  0.53  0.60 -0.02 -0.01  0.37  0.39  0.28  0.31  0.23  0.08  0.23  0.07 -0.31
cf2 -0.12 -0.12 -0.03  0.11  0.03  0.13  0.55  1.00  0.45  0.40  0.73  0.54 -0.23 -0.12  0.16  0.24 -0.01 -0.05 -0.05  0.09 -0.12  0.20 -0.21
cf3 -0.25 -0.55  0.09  0.18 -0.36 -0.20  0.28  0.45  1.00  0.65  0.73  0.02 -0.22 -0.18 -0.16  0.28 -0.28 -0.29 -0.17  0.24  0.04  0.81  0.08
cf4 -0.19 -0.30  0.00  0.18  0.06  0.26  0.72  0.40  0.65  1.00  0.58  0.33 -0.10 -0.09  0.13  0.35  0.04  0.03  0.03  0.13  0.23  0.40 -0.18
cf5 -0.28 -0.38 -0.08  0.09 -0.15 -0.03  0.53  0.73  0.73  0.58  1.00  0.33 -0.27 -0.26  0.09  0.28 -0.22 -0.12 -0.03  0.20 -0.03  0.58 -0.15
cf6 -0.05 -0.02 -0.14 -0.21  0.55  0.47  0.60  0.54  0.02  0.33  0.33  1.00 -0.05  0.02  0.08 -0.07  0.05  0.08  0.24 -0.10 -0.02 -0.15  0.01
ef1  0.02 -0.01  0.35  0.12 -0.02  0.39 -0.02 -0.23 -0.22 -0.10 -0.27 -0.05  1.00  0.75 -0.11  0.09  0.26  0.58  0.63  0.02  0.58 -0.13  0.00
ef2 -0.01 -0.13  0.28  0.22 -0.08  0.17 -0.01 -0.12 -0.18 -0.09 -0.26  0.02  0.75  1.00 -0.10  0.26  0.43  0.51  0.67 -0.06  0.33 -0.17  0.03
ef3 -0.11  0.19 -0.16  0.20  0.21  0.39  0.37  0.16 -0.16  0.13  0.09  0.08 -0.11 -0.10  1.00  0.31  0.20  0.14 -0.13  0.34  0.04 -0.32 -0.68
ef4 -0.09 -0.15 -0.04  0.75 -0.24 -0.02  0.39  0.24  0.28  0.35  0.28 -0.07  0.09  0.26  0.31  1.00  0.39  0.33  0.16  0.05  0.20  0.09 -0.19
ef5  0.25  0.23 -0.11  0.25  0.04  0.22  0.28 -0.01 -0.28  0.04 -0.22  0.05  0.26  0.43  0.20  0.39  1.00  0.59  0.29 -0.18  0.15 -0.37 -0.38
ef6  0.12  0.16 -0.16  0.26  0.25  0.33  0.31 -0.05 -0.29  0.03 -0.12  0.08  0.58  0.51  0.14  0.33  0.59  1.00  0.62 -0.10  0.29 -0.25 -0.18
af1 -0.02 -0.07  0.04 -0.01  0.24  0.24  0.23 -0.05 -0.17  0.03 -0.03  0.24  0.63  0.67 -0.13  0.16  0.29  0.62  1.00 -0.05  0.22 -0.06  0.09
af2 -0.58 -0.43 -0.07  0.01 -0.20  0.07  0.08  0.09  0.24  0.13  0.20 -0.10  0.02 -0.06  0.34  0.05 -0.18 -0.10 -0.05  1.00  0.11  0.22 -0.09
af3 -0.12 -0.19  0.17  0.27 -0.04  0.45  0.23 -0.12  0.04  0.23 -0.03 -0.02  0.58  0.33  0.04  0.20  0.15  0.29  0.22  0.11  1.00  0.11 -0.12
af4 -0.20 -0.51 -0.01  0.11 -0.26 -0.31  0.07  0.20  0.81  0.40  0.58 -0.15 -0.13 -0.17 -0.32  0.09 -0.37 -0.25 -0.06  0.22  0.11  1.00  0.26
af5 -0.19 -0.33 -0.05 -0.09  0.03 -0.26 -0.31 -0.21  0.08 -0.18 -0.15  0.01  0.00  0.03 -0.68 -0.19 -0.38 -0.18  0.09 -0.09 -0.12  0.26  1.00
af6  0.08 -0.09  0.49  0.14 -0.09  0.32 -0.19 -0.23 -0.19 -0.09 -0.26  0.04  0.79  0.62 -0.35  0.00  0.10  0.23  0.45 -0.15  0.55 -0.10  0.25
nf1 -0.13 -0.31  0.59  0.01 -0.08  0.09  0.02  0.03  0.29  0.32  0.05  0.07  0.06  0.06 -0.08  0.05 -0.20 -0.38 -0.15 -0.01  0.15  0.12  0.15
nf2  0.00  0.16  0.38  0.04 -0.20  0.03  0.10  0.09  0.14  0.14  0.05 -0.21 -0.18 -0.18  0.40  0.12 -0.05 -0.34 -0.34  0.22  0.11 -0.04 -0.44
nf3  0.12 -0.14  0.57 -0.07 -0.35 -0.13 -0.48 -0.19  0.14 -0.07 -0.20 -0.25 -0.02 -0.07 -0.35 -0.33 -0.35 -0.62 -0.40 -0.08  0.09  0.11  0.19
nf4 -0.08 -0.19  0.06 -0.21  0.39  0.23  0.18 -0.01  0.08  0.22  0.01  0.34  0.10  0.05 -0.33 -0.10 -0.18 -0.11  0.11 -0.25  0.19  0.18  0.54
nf5  0.28  0.43 -0.13 -0.01  0.19 -0.12 -0.19 -0.54 -0.29 -0.26 -0.54 -0.46  0.02 -0.04  0.25  0.08  0.23  0.12 -0.04 -0.09 -0.10 -0.15 -0.12
nf6  0.05 -0.30  0.66  0.02 -0.06  0.02 -0.15 -0.16  0.17  0.11 -0.08 -0.04  0.35  0.25 -0.34 -0.06 -0.17 -0.20  0.17 -0.11  0.29  0.19  0.33
      af6   nf1   nf2   nf3   nf4   nf5   nf6
of1  0.08 -0.13  0.00  0.12 -0.08  0.28  0.05
of2 -0.09 -0.31  0.16 -0.14 -0.19  0.43 -0.30
of3  0.49  0.59  0.38  0.57  0.06 -0.13  0.66
of4  0.14  0.01  0.04 -0.07 -0.21 -0.01  0.02
of5 -0.09 -0.08 -0.20 -0.35  0.39  0.19 -0.06
of6  0.32  0.09  0.03 -0.13  0.23 -0.12  0.02
cf1 -0.19  0.02  0.10 -0.48  0.18 -0.19 -0.15
cf2 -0.23  0.03  0.09 -0.19 -0.01 -0.54 -0.16
cf3 -0.19  0.29  0.14  0.14  0.08 -0.29  0.17
cf4 -0.09  0.32  0.14 -0.07  0.22 -0.26  0.11
cf5 -0.26  0.05  0.05 -0.20  0.01 -0.54 -0.08
cf6  0.04  0.07 -0.21 -0.25  0.34 -0.46 -0.04
ef1  0.79  0.06 -0.18 -0.02  0.10  0.02  0.35
ef2  0.62  0.06 -0.18 -0.07  0.05 -0.04  0.25
ef3 -0.35 -0.08  0.40 -0.35 -0.33  0.25 -0.34
ef4  0.00  0.05  0.12 -0.33 -0.10  0.08 -0.06
ef5  0.10 -0.20 -0.05 -0.35 -0.18  0.23 -0.17
ef6  0.23 -0.38 -0.34 -0.62 -0.11  0.12 -0.20
af1  0.45 -0.15 -0.34 -0.40  0.11 -0.04  0.17
af2 -0.15 -0.01  0.22 -0.08 -0.25 -0.09 -0.11
af3  0.55  0.15  0.11  0.09  0.19 -0.10  0.29
af4 -0.10  0.12 -0.04  0.11  0.18 -0.15  0.19
af5  0.25  0.15 -0.44  0.19  0.54 -0.12  0.33
af6  1.00  0.29 -0.25  0.30  0.33 -0.17  0.57
nf1  0.29  1.00  0.32  0.56  0.46 -0.12  0.75
nf2 -0.25  0.32  1.00  0.31 -0.23  0.08  0.08
nf3  0.30  0.56  0.31  1.00  0.11 -0.16  0.56
nf4  0.33  0.46 -0.23  0.11  1.00 -0.10  0.48
nf5 -0.17 -0.12  0.08 -0.16 -0.10  1.00 -0.08
nf6  0.57  0.75  0.08  0.56  0.48 -0.08  1.00
Factor Analysis using method =  pa
Call: fa(r = data_temp, nfactors = 5, rotate = "varimax", residuals = TRUE, 
    fm = "pa")
Standardized loadings (pattern matrix) based upon correlation matrix
      PA1   PA3   PA2   PA4   PA5   h2   u2 com
of1 -0.46  0.00  0.05  0.03  0.08 0.22 0.78 1.1
of2 -0.68 -0.12 -0.14  0.13  0.28 0.60 0.40 1.6
of3 -0.05  0.19  0.75 -0.13  0.08 0.62 0.38 1.2
of4  0.25  0.36 -0.02 -0.30  0.31 0.38 0.62 3.8
of5 -0.34 -0.03 -0.18  0.75 -0.08 0.72 0.28 1.6
of6 -0.12  0.33  0.11  0.63  0.24 0.59 0.41 2.0
cf1  0.45  0.16 -0.21  0.69  0.38 0.89 0.11 2.7
cf2  0.53 -0.13 -0.10  0.37  0.22 0.50 0.50 2.4
cf3  0.87 -0.16  0.17 -0.09  0.01 0.82 0.18 1.2
cf4  0.64  0.05  0.12  0.38  0.25 0.63 0.37 2.1
cf5  0.83 -0.16 -0.10  0.22  0.13 0.79 0.21 1.3
cf6  0.16  0.01 -0.09  0.83 -0.08 0.72 0.28 1.1
ef1 -0.16  0.86  0.21  0.01 -0.08 0.81 0.19 1.2
ef2 -0.08  0.81  0.09 -0.06 -0.07 0.68 0.32 1.1
ef3 -0.05 -0.04 -0.17  0.17  0.76 0.64 0.36 1.2
ef4  0.39  0.40 -0.14 -0.14  0.43 0.53 0.47 3.4
ef5 -0.21  0.48 -0.26  0.05  0.36 0.47 0.53 2.9
ef6 -0.14  0.74 -0.46  0.15  0.14 0.82 0.18 1.9
af1 -0.02  0.70 -0.18  0.22 -0.20 0.61 0.39 1.5
af2  0.33 -0.03 -0.04 -0.14  0.17 0.16 0.84 1.9
af3  0.13  0.53  0.28  0.08  0.12 0.40 0.60 1.8
af4  0.69 -0.12  0.08 -0.18 -0.24 0.59 0.41 1.5
af5  0.09 -0.01  0.09 -0.07 -0.82 0.70 0.30 1.1
af6 -0.14  0.71  0.48  0.04 -0.31 0.84 0.16 2.3
nf1  0.20 -0.02  0.80  0.14 -0.02 0.70 0.30 1.2
nf2  0.02 -0.26  0.42 -0.11  0.62 0.64 0.36 2.2
nf3 -0.07 -0.24  0.80 -0.25 -0.16 0.79 0.21 1.5
nf4  0.09  0.07  0.31  0.46 -0.48 0.55 0.45 2.9
nf5 -0.46 -0.01 -0.13 -0.22  0.17 0.31 0.69 1.9
nf6  0.07  0.24  0.78  0.03 -0.29 0.76 0.24 1.5

                       PA1  PA3  PA2  PA4  PA5
SS loadings           4.40 4.18 3.66 3.12 3.11
Proportion Var        0.15 0.14 0.12 0.10 0.10
Cumulative Var        0.15 0.29 0.41 0.51 0.62
Proportion Explained  0.24 0.23 0.20 0.17 0.17
Cumulative Proportion 0.24 0.46 0.66 0.83 1.00

Mean item complexity =  1.8
Test of the hypothesis that 5 factors are sufficient.

df null model =  435  with the objective function =  33.98 with Chi Square =  1296.93
df of  the model are 295  and the objective function was  14.93 

The root mean square of the residuals (RMSR) is  0.07 
The df corrected root mean square of the residuals is  0.09 

The harmonic n.obs is  50 with the empirical chi square  241.1  with prob <  0.99 
The total n.obs was  50  with Likelihood Chi Square =  520.21  with prob <  1.1e-14 

Tucker Lewis Index of factoring reliability =  0.556
RMSEA index =  0.122  and the 90 % confidence intervals are  0.107 0.142
BIC =  -633.84
Fit based upon off diagonal values = 0.93
Measures of factor score adequacy             
                                                   PA1  PA3  PA2  PA4  PA5
Correlation of (regression) scores with factors   0.98 0.98 0.97 0.98 0.95
Multiple R square of scores with factors          0.96 0.96 0.94 0.96 0.91
Minimum correlation of possible factor scores     0.92 0.93 0.87 0.92 0.82
[1] "Residuals:"
      of1   of2   of3   of4   of5   of6   cf1   cf2   cf3   cf4   cf5   cf6   ef1   ef2   ef3   ef4   ef5   ef6   af1   af2   af3   af4   af5
of1  0.78  0.28  0.11  0.17  0.09 -0.09 -0.02  0.10  0.15  0.07  0.09  0.01 -0.05 -0.04 -0.20  0.06  0.13  0.06 -0.01 -0.43 -0.08  0.14 -0.08
of2  0.28  0.40  0.11  0.02  0.00 -0.07  0.02  0.10  0.06  0.04  0.09  0.00  0.03 -0.05 -0.12  0.04  0.00  0.03  0.01 -0.24 -0.05  0.05 -0.01
of3  0.11  0.11  0.38  0.00 -0.03 -0.09 -0.04  0.13  0.03 -0.04  0.09  0.05  0.03  0.05 -0.06 -0.03 -0.04  0.05  0.09 -0.05 -0.13 -0.02 -0.05
of4  0.17  0.02  0.00  0.62  0.04 -0.05 -0.05  0.06 -0.01  0.03 -0.04  0.02 -0.11 -0.05  0.04  0.33  0.03  0.02 -0.13 -0.16  0.04  0.00  0.13
of5  0.09  0.00 -0.03  0.04  0.28  0.04  0.01 -0.07  0.03  0.04 -0.04 -0.03 -0.02 -0.03  0.09  0.02 -0.08  0.05  0.05  0.02  0.01  0.11  0.06
of6 -0.09 -0.07 -0.09 -0.05  0.04  0.41 -0.05 -0.04 -0.01  0.00 -0.04 -0.01  0.08 -0.06  0.13 -0.11 -0.06  0.00 -0.06  0.17  0.18 -0.03 -0.02
cf1 -0.02  0.02 -0.04 -0.05  0.01 -0.05  0.11 -0.03  0.01  0.10 -0.04 -0.03 -0.02 -0.01 -0.04  0.05  0.07  0.01  0.01 -0.05  0.04  0.01  0.03
cf2  0.10  0.10  0.13  0.06 -0.07 -0.04 -0.03  0.50  0.01 -0.12  0.14  0.16  0.01  0.07 -0.07  0.03  0.04 -0.01 -0.01 -0.09 -0.15 -0.05 -0.05
cf3  0.15  0.06  0.03 -0.01  0.03 -0.01  0.01  0.01  0.18  0.11  0.02 -0.03  0.02 -0.01 -0.08  0.01  0.02  0.04  0.00 -0.07 -0.02  0.17 -0.02
cf4  0.07  0.04 -0.04  0.03  0.04  0.00  0.10 -0.12  0.11  0.37 -0.04 -0.05 -0.05 -0.06 -0.07  0.04  0.07  0.04  0.00 -0.07  0.03  0.08 -0.02
cf5  0.09  0.09  0.09 -0.04 -0.04 -0.04 -0.04  0.14  0.02 -0.04  0.21  0.02  0.04 -0.03 -0.02 -0.02 -0.05  0.02  0.06 -0.08 -0.05  0.07 -0.10
cf6  0.01  0.00  0.05  0.02 -0.03 -0.01 -0.03  0.16 -0.03 -0.05  0.02  0.28 -0.03  0.07 -0.01 -0.01  0.04 -0.06  0.02 -0.03 -0.08 -0.12 -0.01
ef1 -0.05  0.03  0.03 -0.11 -0.02  0.08 -0.02  0.01  0.02 -0.05  0.04 -0.03  0.19  0.02  0.02 -0.12 -0.10  0.02  0.05  0.13  0.09  0.04 -0.06
ef2 -0.04 -0.05  0.05 -0.05 -0.03 -0.06 -0.01  0.07 -0.01 -0.06 -0.03  0.07  0.02  0.32  0.00  0.00  0.08 -0.04  0.12  0.00 -0.11 -0.05 -0.02
ef3 -0.20 -0.12 -0.06  0.04  0.09  0.13 -0.04 -0.07 -0.08 -0.07 -0.02 -0.01  0.02  0.00  0.36  0.02 -0.12 -0.05 -0.02  0.24  0.01 -0.06 -0.02
ef4  0.06  0.04 -0.03  0.33  0.02 -0.11  0.05  0.03  0.01  0.04 -0.02 -0.01 -0.12  0.00  0.02  0.47  0.10 -0.01 -0.02 -0.16 -0.06 -0.04  0.14
ef5  0.13  0.00 -0.04  0.03 -0.08 -0.06  0.07  0.04  0.02  0.07 -0.05  0.04 -0.10  0.08 -0.12  0.10  0.53  0.04 -0.04 -0.16 -0.05 -0.05 -0.03
ef6  0.06  0.03  0.05  0.02  0.05  0.00  0.01 -0.01  0.04  0.04  0.02 -0.06  0.02 -0.04 -0.05 -0.01  0.04  0.18  0.02 -0.05  0.01  0.02  0.01
af1 -0.01  0.01  0.09 -0.13  0.05 -0.06  0.01 -0.01  0.00  0.00  0.06  0.02  0.05  0.12 -0.02 -0.02 -0.04  0.02  0.39  0.03 -0.10  0.03 -0.03
af2 -0.43 -0.24 -0.05 -0.16  0.02  0.17 -0.05 -0.09 -0.07 -0.07 -0.08 -0.03  0.13  0.00  0.24 -0.16 -0.16 -0.05  0.03  0.84  0.09  0.00  0.01
af3 -0.08 -0.05 -0.13  0.04  0.01  0.18  0.04 -0.15 -0.02  0.03 -0.05 -0.08  0.09 -0.11  0.01 -0.06 -0.05  0.01 -0.10  0.09  0.60  0.11 -0.04
af4  0.14  0.05 -0.02  0.00  0.11 -0.03  0.01 -0.05  0.17  0.08  0.07 -0.12  0.04 -0.05 -0.06 -0.04 -0.05  0.02  0.03  0.00  0.11  0.41 -0.02
af5 -0.08 -0.01 -0.05  0.13  0.06 -0.02  0.03 -0.05 -0.02 -0.02 -0.10 -0.01 -0.06 -0.02 -0.02  0.14 -0.03  0.01 -0.03  0.01 -0.04 -0.02  0.30
af6  0.02  0.04  0.02  0.04 -0.08  0.08 -0.05  0.04 -0.03 -0.03  0.05  0.04  0.04 -0.02 -0.02 -0.02 -0.03 -0.05 -0.03 -0.01  0.09 -0.03 -0.02
nf1 -0.08 -0.08  0.02  0.03  0.03 -0.05  0.01 -0.05 -0.01  0.05 -0.06  0.00 -0.06  0.03  0.06  0.12  0.05  0.00 -0.03 -0.03 -0.10 -0.06  0.05
nf2 -0.05  0.04  0.06 -0.10  0.01 -0.01  0.05 -0.01 -0.01 -0.02 -0.02 -0.04  0.01  0.03  0.01 -0.01 -0.03 -0.03  0.06  0.10  0.06  0.01  0.02
nf3  0.07 -0.02 -0.01  0.02 -0.05  0.05 -0.01  0.02  0.01  0.03 -0.02  0.03 -0.01  0.02 -0.06 -0.06  0.03 -0.03 -0.07 -0.04  0.04 -0.02 -0.02
nf4 -0.03  0.00 -0.09  0.04  0.10  0.01  0.06 -0.08  0.00  0.06 -0.06 -0.07 -0.05 -0.04  0.01  0.15  0.03 -0.02 -0.08 -0.12  0.07  0.06  0.14
nf5  0.06  0.08 -0.10 -0.01  0.18 -0.06  0.07 -0.27  0.11  0.09 -0.15 -0.20 -0.01 -0.07  0.11  0.14  0.06  0.01  0.01  0.00  0.00  0.18  0.06
nf6  0.07 -0.03  0.06  0.03  0.07 -0.08  0.02 -0.04  0.01  0.01  0.00 -0.03 -0.04 -0.02  0.02  0.05  0.03  0.02  0.08 -0.04 -0.04  0.04  0.03
      af6   nf1   nf2   nf3   nf4   nf5   nf6
of1  0.02 -0.08 -0.05  0.07 -0.03  0.06  0.07
of2  0.04 -0.08  0.04 -0.02  0.00  0.08 -0.03
of3  0.02  0.02  0.06 -0.01 -0.09 -0.10  0.06
of4  0.04  0.03 -0.10  0.02  0.04 -0.01  0.03
of5 -0.08  0.03  0.01 -0.05  0.10  0.18  0.07
of6  0.08 -0.05 -0.01  0.05  0.01 -0.06 -0.08
cf1 -0.05  0.01  0.05 -0.01  0.06  0.07  0.02
cf2  0.04 -0.05 -0.01  0.02 -0.08 -0.27 -0.04
cf3 -0.03 -0.01 -0.01  0.01  0.00  0.11  0.01
cf4 -0.03  0.05 -0.02  0.03  0.06  0.09  0.01
cf5  0.05 -0.06 -0.02 -0.02 -0.06 -0.15  0.00
cf6  0.04  0.00 -0.04  0.03 -0.07 -0.20 -0.03
ef1  0.04 -0.06  0.01 -0.01 -0.05 -0.01 -0.04
ef2 -0.02  0.03  0.03  0.02 -0.04 -0.07 -0.02
ef3 -0.02  0.06  0.01 -0.06  0.01  0.11  0.02
ef4 -0.02  0.12 -0.01 -0.06  0.15  0.14  0.05
ef5 -0.03  0.05 -0.03  0.03  0.03  0.06  0.03
ef6 -0.05  0.00 -0.03 -0.03 -0.02  0.01  0.02
af1 -0.03 -0.03  0.06 -0.07 -0.08  0.01  0.08
af2 -0.01 -0.03  0.10 -0.04 -0.12  0.00 -0.04
af3  0.09 -0.10  0.06  0.04  0.07  0.00 -0.04
af4 -0.03 -0.06  0.01 -0.02  0.06  0.18  0.04
af5 -0.02  0.05  0.02 -0.02  0.14  0.06  0.03
af6  0.16 -0.06 -0.07  0.04 -0.02 -0.11 -0.06
nf1 -0.06  0.30  0.00 -0.04  0.12  0.11  0.10
nf2 -0.07  0.00  0.36 -0.01 -0.01  0.01 -0.01
nf3  0.04 -0.04 -0.01  0.21 -0.08 -0.11 -0.04
nf4 -0.02  0.12 -0.01 -0.08  0.45  0.16  0.06
nf5 -0.11  0.11  0.01 -0.11  0.16  0.69  0.12
nf6 -0.06  0.10 -0.01 -0.04  0.06  0.12  0.24
[1] "Eigenvalues:"
 [1]  4.79  4.48  4.23  2.67  2.30  1.24  1.06  0.66  0.53  0.30  0.14  0.07  0.05  0.00 -0.04 -0.09 -0.10 -0.14 -0.16 -0.20 -0.21 -0.22 -0.25
[24] -0.26 -0.26 -0.33 -0.35 -0.44 -0.47 -0.53
